你现在要做一个可评测实验：直接根据股票最近 30 个交易日的日线特征，预测未来 1/3/5 个交易日的涨跌概率和收益。

重要规则：
- 只使用每个样本给出的历史表格。
- 不要给买卖建议。
- 不要输出解释性段落。
- 只返回一个 JSON 数组。
- 数组里每个对象必须包含 sample_id 和 prediction。
- prob_up_* 是 0 到 1 的上涨概率。
- pred_return_* 是小数收益率，例如 0.01 表示 +1%。
- confidence 是 0 到 1。

返回格式必须严格像这样：
[
  {
    "sample_id": "example_2024-01-02",
    "prediction": {
      "prob_up_1d": 0.50,
      "prob_up_3d": 0.50,
      "prob_up_5d": 0.50,
      "pred_return_1d": 0.0,
      "pred_return_3d": 0.0,
      "pred_return_5d": 0.0,
      "confidence": 0.0,
      "reason": "简短理由"
    }
  }
]

下面是要预测的样本：

Sample ID: bj430017_2024-01-02
Stock: bj430017
As-of date: 2024-01-02
Historical features:
date,close_idx,ret_1d_pct,ret_5d_pct,range_pct,turnover,money_chg_5d_pct,vol_20d_pct
2023-11-21,100.0000,4.6329,8.5222,9.2732,0.0795,763.0178,30.1393
2023-11-22,105.8480,5.8480,11.4336,7.0245,0.0924,229.0116,34.5562
2023-11-23,105.6809,-0.1579,15.3145,10.7510,0.0944,497.1465,34.7099
2023-11-24,137.3434,29.9605,48.3755,22.0195,0.2574,5233.9648,108.1464
2023-11-27,152.6316,11.1314,59.7028,24.9042,0.3690,2310.2414,112.3614
2023-11-28,137.0092,-10.2354,37.0092,16.1585,0.2165,275.7423,121.4550
2023-11-29,124.1437,-9.3902,17.2849,17.0929,0.1668,132.2357,128.2678
2023-11-30,129.9081,4.6433,22.9249,12.3473,0.1375,70.8377,127.6858
2023-12-01,122.6399,-5.5949,-10.7056,9.6730,0.0992,-61.9351,130.6605
2023-12-04,119.1312,-2.8610,-21.9485,8.0645,0.0785,-82.9656,131.7960
2023-12-05,128.7385,8.0645,-6.0366,11.5509,0.1334,-44.2109,133.4348
2023-12-06,124.6449,-3.1798,0.4038,7.9088,0.0979,-43.8267,134.7559
2023-12-07,127.6525,2.4129,-1.7363,4.8429,0.0819,-40.8976,134.7144
2023-12-08,132.4144,3.7304,7.9700,6.3722,0.1031,5.2525,134.6155
2023-12-11,129.0727,-2.5237,8.3450,9.0615,0.0859,19.2478,135.6184
2023-12-12,129.6575,0.4531,0.7138,3.3505,0.0675,-49.5050,135.4402
2023-12-13,137.7611,6.2500,10.5228,11.2189,0.1796,94.8938,136.2287
2023-12-14,137.9282,0.1213,8.0497,6.7232,0.1569,104.1564,134.8092
2023-12-15,135.5890,-1.6959,2.3975,4.8675,0.0810,-18.4358,135.5128
2023-12-18,138.4294,2.0949,7.2492,4.8280,0.0973,18.3240,135.4611
2023-12-19,135.6725,-1.9916,4.6392,4.8030,0.0663,3.6625,135.9137
2023-12-20,141.0192,3.9409,2.3651,5.8649,0.1086,-38.7436,135.3378
2023-12-21,120.7185,-14.3957,-12.4773,22.6298,0.1436,-13.3229,146.9502
2023-12-22,119.1312,-1.3149,-12.1380,6.7321,0.0639,-30.2616,99.6576
2023-12-25,126.0652,5.8205,-8.9318,6.6269,0.0606,-28.8743,92.9839
2023-12-26,126.2322,0.1325,-6.9581,6.9490,0.0615,10.3898,86.0273
2023-12-27,126.2322,0.0000,-10.4858,3.3091,0.0415,-56.4863,78.9843
2023-12-28,128.5714,1.8531,6.5052,4.3535,0.0560,-51.4632,77.5122
2023-12-29,132.4144,2.9890,11.1501,3.4069,0.0521,14.3593,75.1506
2024-01-02,136.6750,3.2177,8.4162,3.6675,0.0634,13.4750,74.6461

---

Sample ID: bj430017_2025-09-23
Stock: bj430017
As-of date: 2025-09-23
Historical features:
date,close_idx,ret_1d_pct,ret_5d_pct,range_pct,turnover,money_chg_5d_pct,vol_20d_pct
2025-08-13,100.0000,0.5502,-4.7350,2.0976,0.0325,-36.7711,44.8176
2025-08-14,96.1240,-3.8760,-7.3814,4.0797,0.0471,16.4088,46.8766
2025-08-15,98.0392,1.9924,-5.9904,2.9302,0.0271,-15.5626,47.0108
2025-08-18,100.6384,2.6512,-1.8675,2.4921,0.0466,1.2576,47.9824
2025-08-19,103.5568,2.8999,4.1265,6.7371,0.0781,88.7840,48.8720
2025-08-20,101.9152,-1.5852,1.9152,3.9374,0.0471,46.8409,49.2028
2025-08-21,100.4104,-1.4765,4.4592,4.1326,0.0405,-10.5181,49.3399
2025-08-22,99.4984,-0.9083,1.4884,2.7956,0.0308,15.9573,49.4131
2025-08-25,99.9544,0.4583,-0.6797,2.0073,0.0384,-18.2655,49.0185
2025-08-26,98.1304,-1.8248,-5.2400,2.1840,0.0299,-64.1122,45.5220
2025-08-27,95.3944,-2.7881,-6.3982,3.2505,0.0310,-37.5710,45.1462
2025-08-28,93.5705,-1.9120,-6.8120,5.7505,0.0353,-19.7751,32.0551
2025-08-29,96.0784,2.6803,-3.4372,4.7461,0.0311,-2.5578,31.5001
2025-09-01,94.7104,-1.4238,-5.2464,3.2258,0.0273,-32.0673,31.1389
2025-09-02,93.6161,-1.1555,-4.6004,3.8967,0.0307,-2.6603,31.1312
2025-09-03,93.0233,-0.6332,-2.4857,3.4804,0.0200,-37.3292,31.0641
2025-09-04,92.9777,-0.0490,-0.6335,2.5993,0.0228,-35.2364,31.0493
2025-09-05,96.1696,3.4331,0.0949,3.9355,0.0324,3.6199,33.9556
2025-09-08,96.2608,0.0948,1.6370,2.2738,0.0282,5.1046,33.6492
2025-09-09,93.5705,-2.7949,-0.0487,3.9961,0.0201,-33.7052,33.4122
2025-09-10,93.2513,-0.3411,0.2451,2.1516,0.0163,-18.5776,33.2667
2025-09-11,92.5217,-0.7824,-0.4904,3.1543,0.0300,27.7907,30.5958
2025-09-12,91.9745,-0.5914,-4.3623,2.7268,0.0223,-33.5557,29.5261
2025-09-15,91.3361,-0.6941,-5.1161,1.2481,0.0102,-65.6638,27.3989
2025-09-16,90.2417,-1.1982,-3.5575,2.2233,0.0163,-20.8295,24.4133
2025-09-17,90.1049,-0.1516,-3.3741,1.6700,0.0152,-8.9383,24.2338
2025-09-18,90.2873,0.2024,-2.4150,2.6263,0.0192,-35.3763,24.1638
2025-09-19,87.5057,-3.0808,-4.8587,3.5435,0.0211,-7.4521,25.8030
2025-09-22,85.2713,-2.5534,-6.6400,4.0642,0.0202,89.9252,26.3312
2025-09-23,82.9457,-2.7273,-8.0849,4.6179,0.0236,32.9656,26.9935

---

Sample ID: bj430047_2024-01-02
Stock: bj430047
As-of date: 2024-01-02
Historical features:
date,close_idx,ret_1d_pct,ret_5d_pct,range_pct,turnover,money_chg_5d_pct,vol_20d_pct
2023-11-21,100.0000,4.7844,15.7208,17.6437,0.0461,191.3886,76.6632
2023-11-22,102.9312,2.9312,12.0933,9.2004,0.0399,160.3911,76.1093
2023-11-23,102.3112,-0.6024,13.7931,8.9807,0.0359,296.1832,63.8581
2023-11-24,104.9605,2.5895,16.7398,4.1890,0.0271,159.1976,62.8673
2023-11-27,110.9357,5.6928,16.2434,8.3333,0.0788,244.1579,64.5194
2023-11-28,105.1297,-5.2337,5.1297,7.3458,0.0400,-9.6604,67.7083
2023-11-29,95.5468,-9.1153,-7.1742,15.0442,0.0425,4.3911,76.1534
2023-11-30,101.2965,6.0177,-0.9917,8.6255,0.0291,-22.3163,77.1130
2023-12-01,99.0417,-2.2259,-5.6391,6.3176,0.0142,-49.7319,77.6826
2023-12-04,98.6471,-0.3984,-11.0772,5.8286,0.0188,-78.7577,70.4366
2023-12-05,102.4239,3.8286,-2.5737,5.7788,0.0254,-39.5132,71.1195
2023-12-06,100.4510,-1.9263,5.1327,6.6218,0.0198,-52.7836,70.9639
2023-12-07,99.4927,-0.9540,-1.7807,6.7422,0.0205,-27.7734,69.0708
2023-12-08,96.6742,-2.8329,-2.3904,4.0233,0.0147,0.8252,70.0416
2023-12-11,92.6156,-4.1983,-6.1143,9.8600,0.0238,19.8037,67.8744
2023-12-12,94.0812,1.5825,-8.1453,3.8346,0.0145,-47.2674,67.7680
2023-12-13,95.3777,1.3781,-5.0505,3.4279,0.0126,-39.7370,64.4065
2023-12-14,96.5051,1.1820,-3.0028,3.3294,0.0178,-15.1648,63.8636
2023-12-15,92.8410,-3.7967,-3.9650,6.9217,0.0216,37.2184,65.6027
2023-12-18,93.4611,0.6679,0.9130,4.2220,0.0096,-59.4204,61.8406
2023-12-19,91.7136,-1.8697,-2.5165,5.2858,0.0134,-10.1428,59.4315
2023-12-20,90.7554,-1.0449,-4.8463,5.2795,0.0099,-24.9377,58.1699
2023-12-21,86.7531,-4.4099,-10.1051,5.9779,0.0136,-30.3926,59.7527
2023-12-22,84.2728,-2.8590,-9.2289,5.9532,0.0112,-51.2015,58.8327
2023-12-25,86.7531,2.9431,-7.1773,2.9240,0.0073,-29.4895,55.3761
2023-12-26,87.2041,0.5198,-4.9170,5.4945,0.0103,-26.6136,53.5011
2023-12-27,85.5130,-1.9392,-5.7764,4.4825,0.0105,-0.7181,44.0767
2023-12-28,86.5276,1.1866,-0.2599,4.1042,0.0066,-52.9378,37.4090
2023-12-29,95.3213,10.1629,13.1104,11.2360,0.0257,147.2989,53.3949
2024-01-02,102.4803,7.5103,18.1287,10.6711,0.0391,536.9245,59.8722

---

Sample ID: bj430047_2025-09-23
Stock: bj430047
As-of date: 2025-09-23
Historical features:
date,close_idx,ret_1d_pct,ret_5d_pct,range_pct,turnover,money_chg_5d_pct,vol_20d_pct
2025-08-13,100.0000,2.3276,-3.1185,3.2618,0.0283,-48.4444,60.7808
2025-08-14,99.0558,-0.9442,-1.7036,4.0728,0.0268,-9.7474,60.4829
2025-08-15,100.3004,1.2565,-1.2257,3.8511,0.0248,-1.1074,60.3704
2025-08-18,109.4421,9.1142,7.8224,10.2353,0.0570,181.6931,67.7307
2025-08-19,122.0601,11.5294,24.9012,22.6090,0.1176,401.6356,74.0685
2025-08-20,120.8155,-1.0197,20.8155,10.0888,0.0768,234.4486,74.5457
2025-08-21,125.1073,3.5524,26.2998,7.3070,0.0569,164.3328,74.7140
2025-08-22,121.1588,-3.1561,20.7959,7.6869,0.0485,141.8146,76.0211
2025-08-25,119.7425,-1.1690,9.4118,4.1935,0.0388,-22.8539,76.3865
2025-08-26,115.0215,-3.9427,-5.7665,6.0448,0.0437,-65.4450,68.5622
2025-08-27,114.9785,-0.0373,-4.8313,3.3595,0.0297,-63.3473,67.0888
2025-08-28,111.5880,-2.9489,-10.8062,6.1154,0.0390,-39.1512,67.7766
2025-08-29,115.7940,3.7692,-4.4279,4.8925,0.0332,-36.4198,65.7842
2025-09-01,115.4506,-0.2965,-3.5842,6.2454,0.0374,-6.9917,64.0556
2025-09-02,111.4592,-3.4572,-3.0970,4.2742,0.0294,-35.2422,65.3697
2025-09-03,113.5193,1.8483,-1.2691,4.1966,0.0277,-8.0284,64.8122
2025-09-04,116.9957,3.0624,4.8462,7.6669,0.0536,45.9282,64.4302
2025-09-05,121.6738,3.9985,5.0778,5.8201,0.0451,41.4236,65.4056
2025-09-08,119.8283,-1.5168,3.7918,5.0143,0.0324,-10.2788,65.9205
2025-09-09,116.6953,-2.6146,4.6977,5.3696,0.0304,8.1113,64.9997
2025-09-10,113.7339,-2.5377,0.1890,3.1698,0.0206,-25.2060,65.9372
2025-09-11,113.5193,-0.1887,-2.9714,4.4612,0.0283,-50.4497,65.7378
2025-09-12,111.3734,-1.8904,-8.4656,3.9692,0.0233,-51.4045,66.3701
2025-09-15,113.2618,1.6956,-5.4799,2.8420,0.0163,-53.0277,58.5141
2025-09-16,110.8155,-2.1599,-5.0386,2.9822,0.0177,-45.2584,41.0298
2025-09-17,110.1288,-0.6197,-3.1698,2.6500,0.0184,-14.5351,40.9807
2025-09-18,108.2833,-1.6758,-4.6125,3.3294,0.0194,-32.0803,38.3597
2025-09-19,105.4936,-2.5763,-5.2794,3.2954,0.0157,-35.3308,37.9184
2025-09-22,108.4120,2.7665,-4.2819,3.8797,0.0156,-8.5796,39.7507
2025-09-23,102.9614,-5.0277,-7.0875,7.9617,0.0264,39.9654,41.1706

---

Sample ID: bj430090_2024-01-02
Stock: bj430090
As-of date: 2024-01-02
Historical features:
date,close_idx,ret_1d_pct,ret_5d_pct,range_pct,turnover,money_chg_5d_pct,vol_20d_pct
2023-11-21,100.0000,29.2776,36.5462,22.9412,0.2024,1910.3437,106.0974
2023-11-22,114.1176,14.1176,54.5817,28.0928,0.2279,3489.2312,114.2204
2023-11-23,102.6471,-10.0515,39.6000,22.6361,0.1956,4117.4920,122.9093
2023-11-24,111.4706,8.5960,52.2088,14.7757,0.1599,7111.0707,124.5979
2023-11-27,140.0000,25.5937,80.9886,22.4790,0.2687,1756.7619,148.5599
2023-11-28,132.9412,-5.0420,32.9412,19.6903,0.2273,66.3854,150.6971
2023-11-29,117.3529,-11.7257,2.8351,21.0526,0.1631,-13.7444,159.8854
2023-11-30,117.6471,0.2506,14.6132,8.0000,0.0789,-57.8165,159.5636
2023-12-01,112.9412,-4.0000,1.3193,8.5938,0.0683,-55.5401,161.5057
2023-12-04,111.4706,-1.3021,-20.3782,7.1240,0.0529,-83.1091,162.0579
2023-12-05,120.5882,8.1794,-9.2920,10.0000,0.1236,-54.0036,162.7525
2023-12-06,115.8824,-3.9024,-1.2531,6.8528,0.0835,-52.4233,164.4433
2023-12-07,131.7647,13.7056,12.0000,18.9732,0.2134,202.9227,167.9659
2023-12-08,129.7059,-1.5625,14.8438,7.7098,0.1316,118.9849,167.9374
2023-12-11,140.0000,7.9365,25.5937,18.4874,0.1978,375.7682,168.3032
2023-12-12,146.7647,4.8319,21.7073,14.8297,0.1933,94.0264,168.2442
2023-12-13,172.0588,17.2345,48.4772,20.0000,0.2565,305.4450,174.0776
2023-12-14,164.7059,-4.2735,25.0000,15.1786,0.2133,34.3240,176.1577
2023-12-15,168.8235,2.5000,30.1587,8.3624,0.1174,14.8277,175.3530
2023-12-18,172.3529,2.0906,23.1092,6.3140,0.0872,-46.0661,175.5811
2023-12-19,166.7647,-3.2423,13.6273,8.2892,0.0841,-50.2962,151.2802
2023-12-20,173.8235,4.2328,1.0256,10.3215,0.1438,-37.3421,145.6051
2023-12-21,141.7647,-18.4433,-13.9286,25.5187,0.1667,-28.2134,157.7425
2023-12-22,141.7647,0.0000,-16.0279,8.5062,0.0911,-33.9286,155.9763
2023-12-25,150.0000,5.8091,-12.9693,7.6471,0.1163,13.3415,129.2143
2023-12-26,156.4706,4.3137,-6.1728,6.9549,0.1359,48.3316,127.9967
2023-12-27,161.1765,3.0075,-7.2758,10.9489,0.1445,-7.7525,118.7154
2023-12-28,163.8235,1.6423,15.5602,14.0036,0.1699,4.4747,118.5666
2023-12-29,187.6471,14.5422,32.3651,19.7492,0.2621,268.5921,124.3764
2024-01-02,194.4118,3.6050,29.6078,11.6490,0.2452,176.2393,123.4118
