你现在要做一个可评测实验：直接根据股票最近 30 个交易日的日线特征，预测未来 1/3/5 个交易日的涨跌概率和收益。

重要规则：
- 只使用每个样本给出的历史表格。
- 不要给买卖建议。
- 不要输出解释性段落。
- 只返回一个 JSON 数组。
- 数组里每个对象必须包含 sample_id 和 prediction。
- prob_up_* 是 0 到 1 的上涨概率。
- pred_return_* 是小数收益率，例如 0.01 表示 +1%。
- confidence 是 0 到 1。
- 不要简单追涨杀跌。遇到短期极端上涨、极端下跌、超高波动时，要考虑均值回归和反转风险。
- 如果走势信号不清楚，概率应该靠近 0.50，confidence 应该偏低。
- prediction 的方向和 pred_return 的正负要尽量一致。

返回格式必须严格像这样：
[
  {
    "sample_id": "example_2024-01-02",
    "prediction": {
      "prob_up_1d": 0.50,
      "prob_up_3d": 0.50,
      "prob_up_5d": 0.50,
      "pred_return_1d": 0.0,
      "pred_return_3d": 0.0,
      "pred_return_5d": 0.0,
      "confidence": 0.0,
      "reason": "简短理由"
    }
  }
]

下面是要预测的样本：

Sample ID: bj830839_2024-01-02
Stock: bj830839
As-of date: 2024-01-02
Historical features:
date,close_idx,ret_1d_pct,ret_5d_pct,range_pct,turnover,money_chg_5d_pct,vol_20d_pct
2023-11-21,100.0000,4.2526,8.5906,9.7651,0.0245,2261.4401,21.7584
2023-11-22,106.3041,6.3041,13.3070,7.3256,0.0284,1060.4514,29.2281
2023-11-23,104.8208,-1.3953,12.1693,10.2594,0.0406,2473.7469,30.2312
2023-11-24,114.5859,9.3160,22.7815,9.7087,0.0347,8893.8455,42.2856
2023-11-27,131.3968,14.6710,36.9845,11.5710,0.0645,1627.5894,63.3826
2023-11-28,130.6551,-0.5644,30.6551,15.5156,0.0545,195.2942,63.4607
2023-11-29,130.7787,0.0946,23.0233,23.2514,0.0806,285.3642,61.9133
2023-11-30,119.2831,-8.7902,13.7972,11.6062,0.0457,27.0386,72.6325
2023-12-01,111.8665,-6.2176,-2.3732,12.3757,0.0308,-6.4501,77.9262
2023-12-04,111.2485,-0.5525,-15.3340,7.0000,0.0225,-69.4156,78.0786
2023-12-05,123.2386,10.7778,-5.6764,11.6349,0.0456,-25.4888,84.9678
2023-12-06,122.6205,-0.5015,-6.2382,6.8548,0.0303,-66.9635,85.3476
2023-12-07,125.8344,2.6210,5.4922,5.8939,0.0270,-39.3243,85.3560
2023-12-08,126.0816,0.1965,12.7072,4.6078,0.0265,-6.1543,85.4582
2023-12-11,120.8900,-4.1176,8.6667,6.1350,0.0201,-1.1511,87.9177
2023-12-12,122.6205,1.4315,-0.5015,3.0242,0.0107,-76.1015,87.8594
2023-12-13,127.0705,3.6290,3.6290,4.6693,0.0211,-29.4749,88.1568
2023-12-14,131.0260,3.1128,4.1257,6.8868,0.0336,30.3895,87.9457
2023-12-15,131.3968,0.2830,4.2157,6.5851,0.0195,-24.9741,87.8341
2023-12-18,137.8245,4.8918,14.0082,5.3812,0.0283,55.4324,88.4430
2023-12-19,135.8467,-1.4350,10.7863,5.1865,0.0200,109.0194,88.8015
2023-12-20,140.1731,3.1847,10.3113,6.0847,0.0296,56.1565,87.3288
2023-12-21,134.7342,-3.8801,2.8302,22.0183,0.0668,125.1145,88.8653
2023-12-22,132.0148,-2.0183,0.4704,11.9850,0.0350,81.0255,84.4865
2023-12-25,153.2756,16.1049,11.2108,16.4516,0.0731,178.2209,87.6922
2023-12-26,158.2200,3.2258,16.4695,9.8437,0.1041,501.1353,87.8774
2023-12-27,148.5785,-6.0938,5.9965,7.2379,0.0485,74.8008,91.4896
2023-12-28,152.7812,2.8286,13.3945,6.9579,0.0417,-37.1990,84.3673
2023-12-29,153.7701,0.6472,16.4794,5.1447,0.0450,50.6885,79.5568
2024-01-02,163.1644,6.1093,6.4516,7.9545,0.0817,24.0904,80.5448

---

Sample ID: bj830839_2025-09-23
Stock: bj830839
As-of date: 2025-09-23
Historical features:
date,close_idx,ret_1d_pct,ret_5d_pct,range_pct,turnover,money_chg_5d_pct,vol_20d_pct
2025-08-13,100.0000,-0.5317,-5.8805,1.3365,0.0190,-43.2415,67.5452
2025-08-14,101.3030,1.3030,-2.9449,4.1227,0.0358,40.1423,67.5761
2025-08-15,102.1383,0.8245,-3.1369,3.2058,0.0266,-26.4687,67.6042
2025-08-18,114.2332,11.8417,11.8417,13.8930,0.1022,113.4006,68.3111
2025-08-19,132.9769,16.4083,32.2699,22.3618,0.1713,742.9320,85.3596
2025-08-20,172.8700,30.0000,72.8700,25.4735,0.1621,1230.3566,126.9542
2025-08-21,154.6275,-10.5528,52.6385,22.5151,0.1382,528.7337,135.3268
2025-08-22,148.0789,-4.2351,44.9787,12.0713,0.1151,525.2676,136.4611
2025-08-25,148.8807,0.5415,30.3305,6.9345,0.0949,19.6929,136.0505
2025-08-26,136.9195,-8.0341,2.9648,7.2230,0.0925,-42.9939,140.5755
2025-08-27,142.9669,4.4168,-17.2980,10.9138,0.1265,-28.5544,139.7133
2025-08-28,138.3228,-3.2484,-10.5445,5.7005,0.0694,-57.3061,140.8637
2025-08-29,144.0361,4.1304,-2.7301,7.4461,0.0666,-43.5068,140.7571
2025-09-01,139.6258,-3.0619,-6.2163,4.0440,0.0366,-62.4561,141.8580
2025-09-02,140.4277,0.5743,2.5622,10.2308,0.0618,-34.5887,141.8427
2025-09-03,132.5760,-5.5912,-7.2681,6.0232,0.0336,-74.9691,144.1990
2025-09-04,129.7695,-2.1169,-6.1836,5.0463,0.0273,-62.3402,144.3102
2025-09-05,133.0104,2.4974,-7.6548,3.9437,0.0260,-63.7392,144.3474
2025-09-08,140.1604,5.3755,0.3829,8.0572,0.0490,33.1067,143.8644
2025-09-09,136.5854,-2.5507,-2.7361,4.7211,0.0310,-50.2393,144.2241
2025-09-10,136.4517,-0.0978,2.9234,4.5299,0.0278,-16.4604,144.1353
2025-09-11,135.3157,-0.8325,4.2739,4.5432,0.0279,3.5028,144.4558
2025-09-12,133.7120,-1.1852,0.5275,2.4988,0.0203,-21.2538,144.8142
2025-09-15,133.1106,-0.4498,-5.0298,2.6355,0.0217,-57.3298,139.9022
2025-09-16,136.4517,2.5100,-0.0978,5.7052,0.0302,-2.5054,127.9161
2025-09-17,153.3912,12.4143,12.4143,15.5304,0.0762,195.9531,80.3327
2025-09-18,145.0718,-5.4237,7.2099,9.6039,0.0632,152.6019,73.5775
2025-09-19,141.2629,-2.6255,5.6472,9.1769,0.0463,146.1069,72.6278
2025-09-22,147.9786,4.7540,11.1697,8.5798,0.0615,215.2931,74.6613
2025-09-23,151.6873,2.5062,11.1655,10.3524,0.0759,180.3888,68.6112

---

Sample ID: bj830879_2024-01-02
Stock: bj830879
As-of date: 2024-01-02
Historical features:
date,close_idx,ret_1d_pct,ret_5d_pct,range_pct,turnover,money_chg_5d_pct,vol_20d_pct
2023-11-21,100.0000,3.2552,6.5860,10.9710,0.0369,1157.1512,30.9884
2023-11-22,108.7011,8.7011,15.8602,12.8770,0.0318,702.9286,40.7844
2023-11-23,106.3052,-2.2042,14.8501,10.7948,0.0486,1178.6950,42.6074
2023-11-24,115.0063,8.1851,24.2507,11.2939,0.0627,3118.4237,48.4955
2023-11-27,128.7516,11.9518,32.9427,9.5005,0.1440,1509.6963,60.5325
2023-11-28,132.0303,2.5465,32.0303,17.5740,0.1369,387.1057,58.3906
2023-11-29,116.6456,-11.6523,7.3086,16.7568,0.0932,250.8765,76.4963
2023-11-30,116.6456,0.0000,9.7272,8.3243,0.0373,-19.8759,76.3301
2023-12-01,110.9710,-4.8649,-3.5088,7.8409,0.0295,-52.8601,79.9794
2023-12-04,111.8537,0.7955,-13.1244,6.5389,0.0296,-81.9084,79.8705
2023-12-05,119.1677,6.5389,-9.7421,10.0529,0.0558,-64.3612,81.4915
2023-12-06,119.1677,0.0000,2.1622,5.1852,0.0341,-65.1922,81.0539
2023-12-07,124.2119,4.2328,6.4865,9.9492,0.0612,78.2049,81.5963
2023-12-08,127.9950,3.0457,15.3409,7.8818,0.0571,115.2285,81.5306
2023-12-11,124.8424,-2.4631,11.6122,8.9899,0.0377,45.3393,82.8000
2023-12-12,126.6078,1.4141,6.2434,2.7888,0.0210,-60.0983,82.6591
2023-12-13,130.7692,3.2869,9.7354,6.1716,0.0507,64.0715,82.6183
2023-12-14,132.4086,1.2536,6.5990,7.0476,0.0598,4.1978,81.8167
2023-12-15,133.2913,0.6667,4.1379,5.2980,0.0331,-39.2837,81.6418
2023-12-18,137.8310,3.4059,10.4040,3.9341,0.0467,36.1456,81.2257
2023-12-19,137.8310,0.0000,8.8645,4.3916,0.0210,9.1526,81.3297
2023-12-20,140.2270,1.7383,7.2324,7.6439,0.0379,-20.2372,77.0716
2023-12-21,126.2295,-9.9820,-4.6667,15.6843,0.0513,-14.2591,86.2821
2023-12-22,127.4905,0.9990,-4.3519,5.6380,0.0252,-27.2004,82.0159
2023-12-25,131.0214,2.7695,-4.9405,4.5236,0.0351,-28.8294,70.9586
2023-12-26,136.1917,3.9461,-1.1894,5.5556,0.0518,140.9915,71.7455
2023-12-27,138.7137,1.8519,-1.0791,5.0909,0.0384,-0.8624,56.3847
2023-12-28,140.7314,1.4545,11.4885,4.0323,0.0387,-21.6865,56.3023
2023-12-29,146.5322,4.1219,14.9357,7.4010,0.0502,129.2326,52.8051
2024-01-02,153.0895,4.4750,16.8431,8.6491,0.0959,233.6929,53.8025

---

Sample ID: bj830879_2025-09-23
Stock: bj830879
As-of date: 2025-09-23
Historical features:
date,close_idx,ret_1d_pct,ret_5d_pct,range_pct,turnover,money_chg_5d_pct,vol_20d_pct
2025-08-13,100.0000,0.9790,-1.2411,2.7648,0.0364,-51.6271,188.1398
2025-08-14,101.4363,1.4363,-0.5282,5.0619,0.0536,-5.6989,187.8877
2025-08-15,101.0413,-0.3894,-5.6971,3.2694,0.0464,-52.1583,187.3914
2025-08-18,104.7756,3.6958,1.6725,3.8725,0.0511,-9.5032,156.1094
2025-08-19,106.6427,1.7820,7.6867,5.9933,0.0616,36.3239,111.9800
2025-08-20,104.7038,-1.8182,4.7038,2.6749,0.0354,1.8600,107.3463
2025-08-21,101.0054,-3.5322,-0.4248,6.1145,0.0432,-18.1609,106.6573
2025-08-22,100.1436,-0.8532,-0.8884,2.5457,0.0322,-30.6783,97.5900
2025-08-25,101.1849,1.0398,-3.4270,2.2356,0.0289,-44.7612,97.7084
2025-08-26,98.7433,-2.4131,-7.4074,3.0545,0.0308,-53.2099,59.7594
2025-08-27,93.3573,-5.4545,-10.8368,6.1538,0.0446,15.1119,47.8873
2025-08-28,94.8294,1.5769,-6.1145,4.0515,0.0321,-32.9497,47.2212
2025-08-29,95.6912,0.9087,-4.4460,4.1276,0.0320,-3.0890,47.4839
2025-09-01,95.8707,0.1876,-5.2520,2.2472,0.0225,-26.8205,45.1427
2025-09-02,95.7630,-0.1124,-3.0182,3.8995,0.0251,-21.9866,42.1256
2025-09-03,94.7158,-1.0935,1.4552,3.7362,0.0191,-57.3651,41.8362
2025-09-04,93.8492,-0.9150,-1.0337,3.9246,0.0193,-39.4029,41.7135
2025-09-05,96.0158,2.3086,0.3392,2.3317,0.0181,-44.9213,37.9041
2025-09-08,96.6296,0.6393,0.7916,1.8311,0.0207,-6.5493,36.0115
2025-09-09,90.8160,-6.0164,-5.1659,7.0378,0.0269,4.4082,39.4379
2025-09-10,91.6826,0.9543,-3.2024,2.7176,0.0150,-24.5882,39.4265
2025-09-11,91.7909,0.1182,-2.1932,2.8718,0.0161,-19.1452,38.8846
2025-09-12,96.7019,5.3501,0.7146,6.5347,0.0454,154.9230,44.0370
2025-09-15,93.6687,-3.1367,-3.0643,1.9661,0.0230,7.7587,42.7151
2025-09-16,92.6215,-1.1180,1.9881,4.7563,0.0190,-30.0882,41.8706
2025-09-17,92.7659,0.1559,1.1816,1.9074,0.0140,-5.9564,41.7382
2025-09-18,90.9243,-1.9852,-0.9441,3.6140,0.0196,21.8487,40.6286
2025-09-19,93.5242,2.8594,-3.2860,7.6834,0.0379,-19.0168,42.2951
2025-09-22,88.5772,-5.2896,-5.4356,5.4219,0.0309,28.5366,45.4694
2025-09-23,88.2883,-0.3261,-4.6784,4.6217,0.0219,10.2834,44.9810

---

Sample ID: bj830896_2024-01-02
Stock: bj830896
As-of date: 2024-01-02
Historical features:
date,close_idx,ret_1d_pct,ret_5d_pct,range_pct,turnover,money_chg_5d_pct,vol_20d_pct
2023-11-21,100.0000,22.0736,56.3169,17.3973,0.6324,9883.8905,128.5673
2023-11-22,110.2740,10.2740,70.5508,26.0870,0.5515,5879.3610,130.6781
2023-11-23,98.6301,-10.5590,57.5492,19.4444,0.4444,4039.5890,139.1574
2023-11-24,110.4110,11.9444,75.2174,20.4715,0.4451,9338.5186,142.5096
2023-11-27,143.4247,29.9007,75.0836,14.7087,0.5654,217.1476,168.7924
2023-11-28,146.8493,2.3878,46.8493,23.5075,0.4730,15.9552,169.0980
2023-11-29,117.8082,-19.7761,6.8323,27.4419,0.3164,-24.9932,190.5546
2023-11-30,114.9315,-2.4419,16.5278,12.5149,0.1963,-51.2461,190.7244
2023-12-01,103.9726,-9.5352,-5.8313,16.0738,0.2135,-50.4893,196.6538
2023-12-04,102.7397,-1.1858,-28.3668,10.8000,0.1311,-82.2610,197.1178
2023-12-05,123.2877,20.0000,-16.0448,18.8889,0.2989,-49.3914,205.1196
2023-12-06,120.8219,-2.0000,2.5581,7.1429,0.2257,-34.8088,206.2340
2023-12-07,125.8904,4.1950,9.5352,13.4929,0.2031,13.1733,205.8664
2023-12-08,135.3425,7.5082,30.1713,10.4251,0.2112,17.8866,205.9933
2023-12-11,125.6164,-7.1862,22.2667,11.9956,0.1736,63.1600,209.8387
2023-12-12,128.7671,2.5082,4.4444,5.4255,0.1256,-53.6900,209.4691
2023-12-13,136.8493,6.2766,13.2653,12.7127,0.2426,18.0588,209.2087
2023-12-14,144.9315,5.9059,15.1251,22.4008,0.3783,115.1669,207.2087
2023-12-15,146.1644,0.8507,7.9960,6.9353,0.2145,13.5819,207.1553
2023-12-18,152.8767,4.5923,21.7012,7.7957,0.2146,45.3257,185.0308
2023-12-19,147.3973,-3.5842,14.4681,8.6431,0.1869,75.8867,173.4504
2023-12-20,175.3425,18.9591,28.1281,23.9844,0.4312,121.1086,181.1784
2023-12-21,140.4110,-19.9219,-3.1191,35.4146,0.3614,2.1257,193.0863
2023-12-22,150.6849,7.3171,3.0928,9.0909,0.2061,-3.3900,190.7594
2023-12-25,168.4932,11.8182,10.2151,12.6829,0.2524,26.4151,165.0470
2023-12-26,182.7397,8.4553,23.9777,13.5682,0.3560,124.3726,166.9549
2023-12-27,171.2329,-6.2969,-2.3438,9.4400,0.2336,-44.1515,150.0220
2023-12-28,169.7260,-0.8800,20.8780,5.6497,0.1614,-51.9117,149.4670
2023-12-29,170.8219,0.6457,13.3636,5.3729,0.1744,-1.4448,142.9192
2024-01-02,176.8493,3.5285,4.9593,7.5136,0.2265,-3.5174,142.1096

---

Sample ID: bj830896_2025-09-23
Stock: bj830896
As-of date: 2025-09-23
Historical features:
date,close_idx,ret_1d_pct,ret_5d_pct,range_pct,turnover,money_chg_5d_pct,vol_20d_pct
2025-08-13,100.0000,-0.7649,-5.8083,2.1069,0.0330,-49.3267,24.5649
2025-08-14,96.6084,-3.3916,-7.4348,4.6809,0.0412,-8.1060,26.7108
2025-08-15,99.6917,3.1915,-2.0697,3.4536,0.0293,-14.0191,29.3799
2025-08-18,103.2374,3.5567,1.1581,4.0816,0.0559,109.4732,31.4266
2025-08-19,104.5221,1.2444,3.7226,3.9823,0.0862,202.8889,31.8103
2025-08-20,105.1387,0.5900,5.1387,3.8612,0.0474,49.7780,30.8011
2025-08-21,103.5457,-1.5152,7.1809,3.5732,0.0396,2.1168,30.8482
2025-08-22,102.4152,-1.0918,2.7320,2.5088,0.0233,-17.6286,31.0420
2025-08-25,102.7749,0.3512,-0.4480,2.7500,0.0412,-26.3353,31.0746
2025-08-26,104.4707,1.6500,-0.0492,2.9021,0.0382,-56.8576,31.4462
2025-08-27,102.1583,-2.2135,-2.8348,6.9416,0.0881,89.9646,31.5366
2025-08-28,110.6886,8.3501,6.8983,8.5422,0.1301,236.9035,43.0131
2025-08-29,107.3484,-3.0176,4.8169,4.7870,0.0829,277.8182,44.7673
2025-09-01,107.5026,0.1436,4.6000,4.7323,0.0545,36.8325,44.7133
2025-09-02,117.6259,9.4168,12.5922,14.0673,0.2059,496.4989,55.1426
2025-09-03,109.9178,-6.5531,7.5956,8.5554,0.1190,42.8805,59.6152
2025-09-04,111.4594,1.4025,0.6964,6.4546,0.1131,-8.6613,59.2958
2025-09-05,118.3453,6.1780,10.2441,6.4698,0.1295,68.0973,61.6604
2025-09-08,134.5838,13.7212,25.1912,27.6060,0.3079,652.2550,76.6996
2025-09-09,137.5128,2.1764,16.9069,18.0493,0.2715,59.1245,76.0274
2025-09-10,127.9548,-6.9507,16.4095,8.4739,0.1652,60.4084,81.6212
2025-09-11,122.6619,-4.1365,10.0507,5.4043,0.1304,25.5799,82.2372
2025-09-12,124.8715,1.8014,5.5145,5.8848,0.1129,-7.3822,81.9662
2025-09-15,119.0134,-4.6914,-11.5693,4.6200,0.0954,-73.6108,84.0958
2025-09-16,121.8911,2.4180,-11.3602,4.9325,0.0876,-71.9149,84.2731
2025-09-17,124.6146,2.2344,-2.6104,5.6907,0.1016,-41.9862,84.3946
2025-09-18,121.1716,-2.7629,-1.2149,9.2875,0.1230,-3.5990,84.9986
2025-09-19,114.6968,-5.3435,-8.1481,5.3315,0.0955,-21.1210,87.6332
2025-09-22,113.3607,-1.1649,-4.7496,3.1732,0.0367,-63.4046,87.8801
2025-09-23,108.9928,-3.8531,-10.5818,6.7421,0.0473,-50.5544,89.1966

---

Sample ID: bj830946_2024-01-02
Stock: bj830946
As-of date: 2024-01-02
Historical features:
date,close_idx,ret_1d_pct,ret_5d_pct,range_pct,turnover,money_chg_5d_pct,vol_20d_pct
2023-11-21,100.0000,6.0606,7.6923,14.6753,0.0199,1247.3437,27.2566
2023-11-22,107.7922,7.7922,14.4828,9.1566,0.0230,940.2235,37.2283
2023-11-23,116.8831,8.4337,26.0504,18.3333,0.0447,6078.7428,45.1008
2023-11-24,131.8182,12.7778,41.3649,19.4089,0.0455,6347.5191,60.4623
2023-11-27,151.4286,14.8768,60.6061,19.1252,0.0574,2974.4519,75.7234
2023-11-28,134.2857,-11.3208,34.2857,8.1238,0.0328,125.9992,90.3260
2023-11-29,118.3117,-11.8956,9.7590,19.3194,0.0305,58.9982,102.4107
2023-11-30,122.8571,3.8419,5.1111,6.2368,0.0189,-57.0308,102.1919
2023-12-01,115.8442,-5.7082,-12.1182,9.6413,0.0154,-67.1189,105.6040
2023-12-04,114.5455,-1.1211,-24.3568,7.2562,0.0130,-81.8438,105.9983
2023-12-05,126.8831,10.7710,-5.5126,13.3060,0.0289,-22.5556,110.9424
2023-12-06,122.0779,-3.7871,3.1833,9.3617,0.0195,-35.9828,112.7485
2023-12-07,123.2468,0.9574,0.3171,6.6386,0.0172,-6.2919,112.5286
2023-12-08,124.9351,1.3699,7.8475,4.3659,0.0154,3.4697,112.2314
2023-12-11,118.5714,-5.0936,3.5147,8.3242,0.0134,8.5728,114.8311
2023-12-12,121.1688,2.1906,-4.5036,3.2154,0.0100,-65.9391,114.6401
2023-12-13,145.0649,19.7213,18.8298,21.7547,0.0647,276.2646,131.4603
2023-12-14,142.7273,-1.6115,15.8061,7.8253,0.0532,249.2319,131.4989
2023-12-15,136.6234,-4.2766,9.3555,7.7947,0.0257,84.4251,133.5484
2023-12-18,139.2208,1.9011,17.4151,6.2500,0.0212,81.3829,133.4885
2023-12-19,136.1039,-2.2388,12.3258,5.2481,0.0147,64.2934,133.6332
2023-12-20,140.2597,3.0534,-3.3124,3.5185,0.0208,-68.7197,131.8995
2023-12-21,120.6494,-13.9815,-15.4686,20.7750,0.0291,-50.2279,140.3210
2023-12-22,121.5584,0.7535,-11.0266,6.4103,0.0154,-47.2050,132.6741
2023-12-25,125.0649,2.8846,-10.1679,4.1537,0.0153,-35.4061,121.0644
2023-12-26,124.8052,-0.2077,-8.3015,9.0531,0.0164,3.6554,114.3493
2023-12-27,120.9091,-3.1217,-13.7963,5.0483,0.0128,-46.7828,106.3297
2023-12-28,123.2468,1.9334,2.1529,3.2666,0.0127,-58.6689,105.7040
2023-12-29,129.4805,5.0580,6.5171,5.7172,0.0213,47.6273,104.5990
2024-01-02,130.3896,0.7021,4.2575,3.8845,0.0190,29.3377,104.3646

---

Sample ID: bj830946_2025-09-23
Stock: bj830946
As-of date: 2025-09-23
Historical features:
date,close_idx,ret_1d_pct,ret_5d_pct,range_pct,turnover,money_chg_5d_pct,vol_20d_pct
2025-08-13,100.0000,1.5113,-2.5786,3.6394,0.0142,-18.1004,38.0260
2025-08-14,99.9173,-0.0827,-1.8684,3.3113,0.0175,30.5493,38.0036
2025-08-15,101.1580,1.2417,1.0744,2.5348,0.0129,8.3787,37.4652
2025-08-18,103.9702,2.7800,3.0328,3.3413,0.0223,88.0110,38.1244
2025-08-19,105.9553,1.9093,7.5567,7.4941,0.0416,223.6577,37.8135
2025-08-20,106.6170,0.6245,6.6170,5.1202,0.0208,57.0860,36.9100
2025-08-21,104.9628,-1.5516,5.0497,5.2797,0.0207,25.7617,31.5872
2025-08-22,103.7221,-1.1820,2.5348,3.9872,0.0158,26.0651,31.2271
2025-08-25,105.6245,1.8341,1.5911,3.3673,0.0186,-15.2244,31.7220
2025-08-26,103.3912,-2.1143,-2.4200,2.8800,0.0147,-65.9872,30.8301
2025-08-27,99.5864,-3.6800,-6.5943,4.5681,0.0161,-25.8482,33.2620
2025-08-28,98.7593,-0.8306,-5.9102,5.2764,0.0155,-31.2345,33.0353
2025-08-29,99.6691,0.9213,-3.9075,3.4025,0.0110,-32.9047,31.8062
2025-09-01,100.8271,1.1618,-4.5419,3.4454,0.0108,-43.7760,28.5881
2025-09-02,99.8346,-0.9844,-3.4400,3.5626,0.0109,-28.9759,27.0753
2025-09-03,98.0976,-1.7399,-1.4950,3.5413,0.0081,-51.0400,27.4122
2025-09-04,97.7667,-0.3373,-1.0050,2.8765,0.0097,-37.3877,27.3280
2025-09-05,100.6617,2.9611,0.9959,3.2046,0.0116,5.0789,28.8693
2025-09-08,101.5715,0.9039,0.7383,2.0358,0.0115,6.5754,28.8984
2025-09-09,98.5112,-3.0130,-1.3256,3.2746,0.0108,-1.8946,29.6839
2025-09-10,98.7593,0.2519,0.6745,1.5913,0.0054,-33.3154,29.1750
2025-09-11,98.9247,0.1675,1.1844,1.3378,0.0072,-25.1761,29.1844
2025-09-12,99.0074,0.0836,-1.6434,2.1721,0.0095,-18.0496,28.8001
2025-09-15,97.6840,-1.3367,-3.8274,2.2015,0.0069,-41.4435,27.0071
2025-09-16,96.8569,-0.8467,-1.6793,2.2203,0.0068,-38.1094,25.7634
2025-09-17,96.3606,-0.5124,-2.4288,2.4893,0.0077,38.0120,25.4573
2025-09-18,94.9545,-1.4592,-4.0134,3.3101,0.0086,16.1265,25.4084
2025-09-19,94.2928,-0.6969,-4.7619,1.5789,0.0069,-31.4903,25.2906
2025-09-22,93.6311,-0.7018,-4.1490,2.5618,0.0055,-24.2250,23.7929
2025-09-23,90.9016,-2.9152,-6.1486,4.7316,0.0079,8.1914,24.6285

---

Sample ID: bj830964_2024-01-02
Stock: bj830964
As-of date: 2024-01-02
Historical features:
date,close_idx,ret_1d_pct,ret_5d_pct,range_pct,turnover,money_chg_5d_pct,vol_20d_pct
2023-11-21,100.0000,5.4237,6.5068,10.2894,0.0319,7567.8107,33.7293
2023-11-22,113.5048,13.5048,20.0680,14.7309,0.0652,2811.3553,56.4203
2023-11-23,111.2540,-1.9830,18.9003,14.7399,0.0617,16422.6641,53.3486
2023-11-24,122.1865,9.8266,30.5842,11.0526,0.0676,8604.3201,61.5849
2023-11-27,142.4437,16.5789,50.1695,14.4470,0.1918,6005.8555,80.9800
2023-11-28,130.2251,-8.5779,30.2251,9.1358,0.0946,293.4458,89.3876
2023-11-29,117.3633,-9.8765,3.3994,16.4384,0.0735,29.3154,98.6558
2023-11-30,115.4341,-1.6438,3.7572,7.7994,0.0451,-27.5496,98.9915
2023-12-01,109.0032,-5.5710,-10.7895,8.8496,0.0413,-41.8127,102.1272
2023-12-04,110.2894,1.1799,-22.5734,4.0816,0.0316,-86.6005,102.1268
2023-12-05,120.2572,9.0379,-7.6543,10.1604,0.0831,-23.6537,105.7453
2023-12-06,118.0064,-1.8717,0.5479,8.4469,0.0484,-36.1062,106.0740
2023-12-07,120.2572,1.9074,4.1783,5.3476,0.0615,42.5607,105.8244
2023-12-08,122.5080,1.8717,12.3894,6.0367,0.0697,84.8228,105.5294
2023-12-11,115.1125,-6.0367,4.3732,10.0559,0.0478,64.1291,108.8950
2023-12-12,117.3633,1.9553,-2.4064,3.5616,0.0268,-67.6919,108.8658
2023-12-13,120.9003,3.0137,2.4523,4.7872,0.0490,1.0969,108.9942
2023-12-14,125.0804,3.4574,4.0107,10.7969,0.0963,64.5328,108.8044
2023-12-15,134.7267,7.7121,9.9738,8.5919,0.1104,67.5349,110.6544
2023-12-18,137.2990,1.9093,19.2737,6.0890,0.1089,166.2455,110.6265
2023-12-19,134.7267,-1.8735,14.7945,4.7733,0.0705,199.8375,110.7431
2023-12-20,144.0514,6.9212,19.1489,9.5982,0.1279,206.4717,103.6974
2023-12-21,130.2251,-9.5982,4.1131,20.9877,0.1790,109.5817,110.3022
2023-12-22,128.6174,-1.2346,-4.5346,6.5000,0.0846,-25.6119,105.4660
2023-12-25,132.1543,2.7500,-3.7471,5.3528,0.0711,-38.3342,87.2977
2023-12-26,140.8360,6.5693,4.5346,13.6986,0.1509,123.2069,84.5990
2023-12-27,134.0836,-4.7945,-6.9196,4.3165,0.0984,-26.3953,77.9723
2023-12-28,135.6913,1.1990,4.1975,6.3981,0.0859,-54.9178,77.4500
2023-12-29,136.9775,0.9479,6.5000,3.0516,0.0667,-14.8170,73.5568
2024-01-02,142.4437,3.9906,7.7859,5.4176,0.0999,50.6529,74.1945

---

Sample ID: bj830964_2025-09-23
Stock: bj830964
As-of date: 2025-09-23
Historical features:
date,close_idx,ret_1d_pct,ret_5d_pct,range_pct,turnover,money_chg_5d_pct,vol_20d_pct
2025-08-13,100.0000,-0.2381,-1.8735,2.1480,0.0337,-9.6750,37.2942
2025-08-14,97.3747,-2.6253,-5.6647,2.9412,0.0461,-27.1530,38.2897
2025-08-15,98.8067,1.4706,-2.5882,2.6570,0.0283,-35.3899,38.5462
2025-08-18,101.7900,3.0193,0.1174,3.0481,0.0531,27.0082,36.5952
2025-08-19,102.3866,0.5862,2.1429,2.5641,0.0662,91.7441,25.8138
2025-08-20,102.5060,0.1166,2.5060,2.0955,0.0534,61.1589,24.6789
2025-08-21,102.3866,-0.1164,5.1471,2.2145,0.0501,13.6908,24.6318
2025-08-22,101.5513,-0.8159,2.7778,1.8801,0.0333,21.3665,21.7567
2025-08-25,101.1933,-0.3525,-0.5862,2.0047,0.0396,-25.1900,21.6353
2025-08-26,101.3126,0.1179,-1.0490,1.2956,0.0361,-46.2285,21.6566
2025-08-27,98.0907,-3.1802,-4.3073,3.8929,0.0565,2.8673,24.0316
2025-08-28,97.2554,-0.8516,-5.0117,4.1718,0.0413,-21.9812,21.9395
2025-08-29,97.6134,0.3681,-3.8778,2.9340,0.0361,5.7396,22.0064
2025-09-01,98.3294,0.7335,-2.8302,1.8204,0.0350,-14.8986,22.2075
2025-09-02,98.4487,0.1214,-2.8269,2.1818,0.0386,3.4443,22.1836
2025-09-03,96.7780,-1.6970,-1.3382,3.3292,0.0382,-33.6392,22.8258
2025-09-04,98.2100,1.4797,0.9816,2.6731,0.0447,8.9451,23.0063
2025-09-05,100.8353,2.6731,3.3007,2.3669,0.0540,51.3544,24.4783
2025-09-08,100.5967,-0.2367,2.3058,2.0166,0.0490,44.8927,24.4708
2025-09-09,98.9260,-1.6607,0.4848,2.2919,0.0354,-7.3807,24.6732
2025-09-10,98.4487,-0.4825,1.7263,1.5758,0.0226,-40.2186,24.7126
2025-09-11,98.8067,0.3636,0.6075,1.6908,0.0319,-28.3101,22.8125
2025-09-12,97.8520,-0.9662,-2.9586,1.8293,0.0315,-42.7119,22.4839
2025-09-15,97.8520,0.0000,-2.7284,1.0976,0.0186,-63.2056,19.3764
2025-09-16,97.7327,-0.1220,-1.2063,1.0989,0.0213,-40.8170,19.1620
2025-09-17,97.6134,-0.1221,-0.8485,1.2225,0.0207,-9.0453,19.1242
2025-09-18,97.8520,0.2445,-0.9662,3.6585,0.0503,58.0596,19.1973
2025-09-19,97.1360,-0.7317,-0.7317,2.7027,0.0249,-21.3850,19.1649
2025-09-22,92.7208,-4.5455,-5.2439,5.4054,0.0499,157.2859,24.5784
2025-09-23,88.9021,-4.1184,-9.0354,6.8456,0.0475,103.7135,27.7352

---

Sample ID: bj830974_2024-01-02
Stock: bj830974
As-of date: 2024-01-02
Historical features:
date,close_idx,ret_1d_pct,ret_5d_pct,range_pct,turnover,money_chg_5d_pct,vol_20d_pct
2023-11-21,100.0000,4.7535,11.8421,10.0840,0.0171,888.4395,56.1643
2023-11-22,108.2353,8.2353,19.7026,10.4037,0.0258,1462.9730,61.7454
2023-11-23,116.3025,7.4534,29.1045,13.2948,0.0378,4983.9773,65.2514
2023-11-24,130.0840,11.8497,39.2086,16.5375,0.0591,1481.8036,74.0399
2023-11-27,143.1933,10.0775,50.0000,19.9531,0.1082,3225.5414,78.9352
2023-11-28,142.6891,-0.3521,42.6891,17.5501,0.1006,722.8866,78.3122
2023-11-29,127.7311,-10.4829,18.0124,19.7368,0.0639,224.5978,90.8964
2023-11-30,127.7311,0.0000,9.8266,7.7632,0.0399,20.9941,90.1681
2023-12-01,111.0924,-13.0263,-14.5995,19.0620,0.0394,-37.5015,105.3644
2023-12-04,114.6218,3.1770,-19.9531,7.9179,0.0205,-84.5644,95.5256
2023-12-05,124.8739,8.9443,-12.4853,12.5168,0.0450,-61.4635,98.4477
2023-12-06,127.2269,1.8843,-0.3947,7.9260,0.0383,-45.1061,98.3541
2023-12-07,130.2521,2.3778,1.9737,12.9032,0.0670,76.0556,97.4542
2023-12-08,127.8992,-1.8065,15.1286,9.8555,0.0588,64.0890,97.0133
2023-12-11,118.6555,-7.2273,3.5191,8.2153,0.0351,81.7837,102.2117
2023-12-12,121.1765,2.1246,-2.9610,3.4674,0.0194,-57.6125,102.1663
2023-12-13,124.8739,3.0513,-1.8494,4.9798,0.0431,10.9344,102.2437
2023-12-14,131.7647,5.5182,1.1613,7.0153,0.0975,41.6870,102.6998
2023-12-15,129.4118,-1.7857,1.1827,7.7922,0.0494,-15.4547,103.4179
2023-12-18,138.3193,6.8831,16.5722,7.6549,0.0722,128.7317,104.9555
2023-12-19,139.8319,1.0936,15.3953,8.0529,0.0633,275.4282,104.5233
2023-12-20,140.1681,0.2404,12.2476,3.8369,0.0599,56.0800,101.9157
2023-12-21,120.3361,-14.1487,-8.6735,19.6927,0.0578,-39.4109,113.3799
2023-12-22,120.3361,0.0000,-7.0130,9.7765,0.0374,-32.1377,105.0306
2023-12-25,124.3697,3.3520,-10.0851,4.8649,0.0287,-63.3295,98.8567
2023-12-26,129.4118,4.0541,-7.4519,6.8831,0.0455,-33.5133,100.1780
2023-12-27,135.9664,5.0649,-2.9976,9.0235,0.0759,20.6702,94.2188
2023-12-28,139.1597,2.3486,15.6425,5.5556,0.0610,8.5310,94.4259
2023-12-29,158.3193,13.7681,31.5642,16.2420,0.1491,412.9856,90.9563
2024-01-02,184.5378,16.5605,48.3784,22.2222,0.1855,804.1740,104.7238

---

Sample ID: bj830974_2025-09-23
Stock: bj830974
As-of date: 2025-09-23
Historical features:
date,close_idx,ret_1d_pct,ret_5d_pct,range_pct,turnover,money_chg_5d_pct,vol_20d_pct
2025-08-13,100.0000,-0.6659,-3.0336,1.8994,0.0189,-11.2512,51.1981
2025-08-14,95.8659,-4.1341,-7.2432,5.0117,0.0304,78.1452,53.2058
2025-08-15,98.6592,2.9138,-2.4309,2.8313,0.0205,-13.5453,36.8256
2025-08-18,102.4581,3.8505,0.5482,4.3621,0.0412,181.9628,38.2785
2025-08-19,102.7933,0.3272,2.1088,3.8043,0.0425,168.7708,37.4698
2025-08-20,103.9106,1.0870,3.9106,3.3333,0.0262,43.1576,35.4741
2025-08-21,102.1229,-1.7204,6.5268,2.9540,0.0242,-16.1619,35.2735
2025-08-22,103.4637,1.3129,4.8698,2.0518,0.0314,61.3767,31.0921
2025-08-25,102.5698,-0.8639,0.1091,2.7233,0.0301,-25.9704,31.1334
2025-08-26,102.3464,-0.2179,-0.4348,1.7467,0.0197,-54.1730,30.5115
2025-08-27,98.1006,-4.1485,-5.5914,4.7836,0.0332,23.0817,33.6784
2025-08-28,99.2179,1.1390,-2.8446,4.6171,0.0379,48.2750,31.5743
2025-08-29,99.2179,0.0000,-4.1037,2.7027,0.0222,-31.6954,31.1525
2025-09-01,104.2458,5.0676,1.6340,4.7160,0.0480,58.4264,36.1887
2025-09-02,107.8212,3.4298,5.3493,8.1865,0.1032,447.8231,38.0400
2025-09-03,104.9162,-2.6943,6.9476,7.4547,0.0527,68.5599,39.4493
2025-09-04,108.8268,3.7274,9.6847,6.3655,0.0947,179.8663,41.4848
2025-09-05,112.7374,3.5934,13.6261,4.5590,0.1129,467.1499,41.9986
2025-09-08,107.5978,-4.5590,3.2154,5.5036,0.0858,89.7873,45.7667
2025-09-09,118.8827,10.4881,10.2591,15.4135,0.2224,136.4898,57.8514
2025-09-10,112.2905,-5.5451,7.0288,5.5721,0.1263,155.2378,62.0402
2025-09-11,108.2682,-3.5821,-0.5133,4.4376,0.0840,-11.5347,61.5040
2025-09-12,106.7039,-1.4448,-5.3518,3.0366,0.0461,-60.6514,61.3504
2025-09-15,104.9162,-1.6754,-2.4922,2.9819,0.0512,-41.9973,60.4316
2025-09-16,103.5754,-1.2780,-12.8759,2.8047,0.0472,-81.3781,60.6501
2025-09-17,105.1397,1.5102,-6.3682,2.2317,0.0322,-76.5192,60.7594
2025-09-18,103.6872,-1.3815,-4.2312,6.3578,0.0759,-11.4946,60.6345
2025-09-19,102.0112,-1.6164,-4.3979,3.6145,0.0531,10.1088,60.7768
2025-09-22,98.8827,-3.0668,-5.7508,4.2938,0.0381,-29.6514,61.6871
2025-09-23,97.8771,-1.0169,-5.5016,3.9954,0.0332,-34.0965,61.7703

---

Sample ID: bj831010_2024-01-02
Stock: bj831010
As-of date: 2024-01-02
Historical features:
date,close_idx,ret_1d_pct,ret_5d_pct,range_pct,turnover,money_chg_5d_pct,vol_20d_pct
2023-11-21,100.0000,4.7486,9.3294,8.8000,0.0400,670.8511,25.0012
2023-11-22,111.7333,11.7333,19.0341,16.4678,0.0568,494.3957,46.3326
2023-11-23,110.9333,-0.7160,18.8571,11.5385,0.0738,1904.9113,46.6646
2023-11-24,121.8667,9.8558,30.5714,11.8162,0.0759,3435.8522,55.7934
2023-11-27,143.4667,17.7243,50.2793,15.0558,0.1160,1813.8682,79.1596
2023-11-28,143.4667,0.0000,43.4667,17.1004,0.1088,290.9289,79.0214
2023-11-29,125.0667,-12.8253,11.9332,21.5352,0.0728,60.0221,95.8931
2023-11-30,130.1333,4.0512,17.3077,12.2951,0.0614,-5.5332,96.0366
2023-12-01,122.6667,-5.7377,0.6565,9.1304,0.0415,-41.5309,99.8641
2023-12-04,117.6000,-4.1304,-18.0297,8.3900,0.0264,-79.8017,102.0138
2023-12-05,128.0000,8.8435,-10.7807,10.8333,0.0656,-48.1992,104.8135
2023-12-06,133.6000,4.3750,6.8230,6.3872,0.0881,21.1131,105.1312
2023-12-07,133.8667,0.1996,2.8689,6.7729,0.0588,-1.6887,105.0788
2023-12-08,150.4000,12.3506,22.6087,18.4397,0.1504,341.1616,111.0684
2023-12-11,144.8000,-3.7234,23.1293,14.3646,0.1144,438.3656,112.4713
2023-12-12,147.4667,1.8416,15.2083,11.9349,0.0898,57.4462,111.8012
2023-12-13,152.5333,3.4358,14.1717,7.8671,0.1019,33.4799,111.8362
2023-12-14,189.3333,24.1259,41.4343,21.1268,0.2024,330.0817,134.3814
2023-12-15,176.2667,-6.9014,17.1986,12.4054,0.1684,35.5347,139.1994
2023-12-18,177.8667,0.9077,22.8361,7.9460,0.1194,24.7335,139.4546
2023-12-19,177.6000,-0.1499,20.4340,9.1592,0.1122,58.0344,139.9597
2023-12-20,182.6667,2.8529,19.7552,10.5109,0.1250,43.1365,136.3344
2023-12-21,152.8000,-16.3504,-19.2958,21.9895,0.1217,-40.0238,152.0952
2023-12-22,153.3333,0.3490,-13.0106,7.4783,0.0645,-68.3219,149.3321
2023-12-25,156.5333,2.0870,-11.9940,5.4514,0.0623,-54.4014,136.6636
2023-12-26,155.4667,-0.6814,-12.4625,5.8319,0.0640,-51.0200,136.7366
2023-12-27,151.7333,-2.4014,-16.9343,8.0844,0.0561,-62.5867,127.7240
2023-12-28,150.6667,-0.7030,-1.3962,4.4248,0.0486,-63.8838,127.4641
2023-12-29,152.8000,1.4159,-0.3478,2.7923,0.0438,-32.1070,124.9311
2024-01-02,164.2667,7.5044,4.9404,6.8182,0.0888,46.6460,124.9421

---

Sample ID: bj831010_2025-09-23
Stock: bj831010
As-of date: 2025-09-23
Historical features:
date,close_idx,ret_1d_pct,ret_5d_pct,range_pct,turnover,money_chg_5d_pct,vol_20d_pct
2025-08-13,100.0000,0.4488,2.9119,5.0633,0.0564,171.7640,20.6155
2025-08-14,97.5428,-2.4572,-1.4296,5.1145,0.0432,-4.2568,22.1224
2025-08-15,99.8511,2.3664,-0.2974,3.6540,0.0374,-18.1279,23.6037
2025-08-18,102.2338,2.3863,4.1730,3.6417,0.0549,73.4596,24.9174
2025-08-19,112.0625,9.6140,12.5654,10.0997,0.1350,212.0922,41.7675
2025-08-20,110.2010,-1.6611,10.2010,6.3514,0.0889,72.9252,42.1074
2025-08-21,108.5629,-1.4865,11.2977,4.9383,0.0664,68.6769,42.7329
2025-08-22,107.1482,-1.3032,7.3080,4.4475,0.0495,44.4484,43.1486
2025-08-25,106.4780,-0.6254,4.1515,3.6364,0.0460,-11.7718,43.1359
2025-08-26,105.8824,-0.5594,-5.5150,1.5471,0.0287,-79.2389,42.8155
2025-08-27,107.2971,1.3361,-2.6351,3.6780,0.0547,-39.4612,42.6716
2025-08-28,105.7334,-1.4573,-2.6063,4.2958,0.0477,-31.1389,41.7262
2025-08-29,107.2226,1.4085,0.0695,4.3750,0.0386,-23.2218,41.4268
2025-09-01,109.1586,1.8056,2.5175,6.0027,0.0574,30.3513,41.6117
2025-09-02,105.7334,-3.1378,-0.1406,5.0000,0.0490,70.6971,43.5961
2025-09-03,101.7870,-3.7324,-5.1353,4.7549,0.0294,-48.4116,46.0277
2025-09-04,100.8191,-0.9510,-4.6479,3.9143,0.0309,-36.9642,45.8322
2025-09-05,103.9464,3.1019,-3.0556,3.1519,0.0334,-15.8078,46.9038
2025-09-08,104.3931,0.4298,-4.3656,2.2825,0.0278,-54.7361,46.1561
2025-09-09,100.8191,-3.4237,-4.6479,4.0620,0.0262,-48.4855,47.8284
2025-09-10,102.0104,1.1817,0.2195,4.0146,0.0348,17.4320,47.9688
2025-09-11,102.5316,0.5109,1.6987,2.0334,0.0269,-13.3508,46.9828
2025-09-12,101.1169,-1.3798,-2.7221,2.2828,0.0208,-38.9368,46.6679
2025-09-15,101.7126,0.5891,-2.5678,1.8302,0.0162,-43.2545,45.9318
2025-09-16,99.7766,-1.9034,-1.0340,2.0896,0.0202,-24.3223,29.1185
2025-09-17,99.1809,-0.5970,-2.7737,1.9520,0.0189,-47.5799,28.8297
2025-09-18,97.9151,-1.2763,-4.5025,3.0418,0.0251,-8.7187,28.7448
2025-09-19,100.2234,2.3574,-0.8837,3.6404,0.0306,43.6901,30.2825
2025-09-22,100.0000,-0.2229,-1.6837,4.8399,0.0314,90.3757,30.2617
2025-09-23,97.3194,-2.6806,-2.4627,4.1316,0.0238,14.3517,31.4211

---

Sample ID: bj831039_2024-01-02
Stock: bj831039
As-of date: 2024-01-02
Historical features:
date,close_idx,ret_1d_pct,ret_5d_pct,range_pct,turnover,money_chg_5d_pct,vol_20d_pct
2023-11-21,100.0000,5.9184,6.7901,10.9827,0.0317,3214.4524,25.3972
2023-11-22,109.4412,9.4412,16.8724,11.6197,0.0331,987.2814,40.6062
2023-11-23,105.2023,-3.8732,13.0435,10.6227,0.0337,1775.6455,43.7648
2023-11-24,114.4509,8.7912,23.2365,9.5960,0.0352,2563.8537,51.7968
2023-11-27,136.8015,19.5286,44.8980,15.0704,0.0616,1774.8519,83.2403
2023-11-28,125.6262,-8.1690,25.6262,9.9693,0.0357,47.5634,90.7091
2023-11-29,114.6435,-8.7423,4.7535,12.7731,0.0243,-13.9353,97.4984
2023-11-30,113.1021,-1.3445,7.5092,7.3254,0.0094,-70.8346,97.8412
2023-12-01,118.1118,4.4293,3.1987,12.8874,0.0286,-10.5739,98.4353
2023-12-04,117.5337,-0.4894,-14.0845,9.6721,0.0197,-70.7923,98.5007
2023-12-05,137.1869,16.7213,9.2025,21.6292,0.0493,39.8954,112.5591
2023-12-06,129.6724,-5.4775,13.1092,15.6018,0.0397,82.6987,115.6898
2023-12-07,133.5260,2.9718,18.0579,7.6479,0.0285,252.5465,115.6275
2023-12-08,133.1407,-0.2886,12.7243,5.0651,0.0221,-15.2763,115.4072
2023-12-11,137.1869,3.0391,16.7213,12.5000,0.0327,99.4464,115.2119
2023-12-12,142.5819,3.9326,3.9326,10.5405,0.0390,-16.1972,115.0240
2023-12-13,160.6936,12.7027,23.9227,16.1871,0.0550,53.0298,120.2831
2023-12-14,208.8632,29.9760,56.4214,26.1993,0.1074,452.4530,152.7365
2023-12-15,190.1734,-8.9483,42.8365,22.2898,0.0939,544.2587,159.3382
2023-12-18,199.4220,4.8632,45.3652,12.3671,0.0633,176.1996,159.0960
2023-12-19,197.4952,-0.9662,38.5135,8.1951,0.0508,80.0384,160.0122
2023-12-20,199.6146,1.0732,24.2206,6.6602,0.0518,22.9666,158.9254
2023-12-21,161.4644,-19.1120,-22.6937,27.6850,0.0596,-49.9117,176.5170
2023-12-22,160.8863,-0.3580,-15.4002,7.3054,0.0364,-69.5617,175.3301
2023-12-25,166.2813,3.3533,-16.6184,7.0684,0.0373,-51.2474,163.1897
2023-12-26,171.6763,3.2445,-13.0732,11.1111,0.0448,-22.5392,159.2404
2023-12-27,168.9788,-1.5713,-15.3475,5.3592,0.0338,-44.4612,154.7789
2023-12-28,168.4008,-0.3421,4.2959,5.2632,0.0337,-46.0996,154.4989
2023-12-29,176.6859,4.9199,9.8204,4.2530,0.0358,7.7663,154.5926
2024-01-02,183.4297,3.8168,10.3129,7.5630,0.0385,14.8613,154.2575

---

Sample ID: bj831039_2025-09-23
Stock: bj831039
As-of date: 2025-09-23
Historical features:
date,close_idx,ret_1d_pct,ret_5d_pct,range_pct,turnover,money_chg_5d_pct,vol_20d_pct
2025-08-13,100.0000,-1.3487,2.0598,4.2318,0.0306,-7.1763,49.3531
2025-08-14,103.4505,3.4505,5.5113,9.0623,0.0859,364.1802,51.9082
2025-08-15,107.0964,3.5242,6.0606,6.3830,0.0711,53.4963,49.8985
2025-08-18,109.4401,2.1884,9.4401,5.6514,0.0788,235.1258,48.1575
2025-08-19,106.5104,-2.6770,5.0739,4.0954,0.0563,88.9736,47.4356
2025-08-20,102.8646,-3.4230,2.8646,5.2532,0.0505,68.5947,42.8595
2025-08-21,102.2786,-0.5696,-1.1328,3.8829,0.0400,-53.4847,42.8538
2025-08-22,101.6276,-0.6365,-5.1064,1.9218,0.0260,-65.0330,41.1134
2025-08-25,100.8464,-0.7687,-7.8525,3.2924,0.0263,-68.4186,40.3761
2025-08-26,100.9115,0.0646,-5.2567,3.4194,0.0270,-54.7358,40.3259
2025-08-27,97.4609,-3.4194,-5.2532,3.8744,0.0354,-33.0598,39.6162
2025-08-28,96.7448,-0.7348,-5.4106,3.7685,0.0261,-39.9723,37.6287
2025-08-29,96.0938,-0.6729,-5.4452,3.4553,0.0226,-16.7849,34.0381
2025-09-01,95.3776,-0.7453,-5.4229,2.6621,0.0211,-24.6094,32.9617
2025-09-02,98.5026,3.2765,-2.3871,4.8249,0.0333,15.8912,35.2614
2025-09-03,92.7734,-5.8163,-4.8096,7.2982,0.0248,-32.5217,39.8124
2025-09-04,92.5781,-0.2105,-4.3069,3.0239,0.0201,-25.1606,39.7961
2025-09-05,96.4844,4.2194,0.4065,4.9933,0.0297,29.4291,41.3378
2025-09-08,97.1354,0.6748,1.8430,2.8820,0.0256,24.6616,41.3418
2025-09-09,93.1641,-4.0885,-5.4197,5.1013,0.0192,-43.2463,43.2433
2025-09-10,93.1641,0.0000,0.4211,1.9567,0.0116,-54.1783,43.1097
2025-09-11,95.3125,2.3061,2.9536,5.3962,0.0240,19.7437,41.9588
2025-09-12,103.5156,8.6066,7.2874,12.4528,0.1241,365.4686,51.1051
2025-09-15,98.9583,-4.4025,1.8767,3.4211,0.0773,201.8142,52.4906
2025-09-16,94.3359,-4.6711,1.2579,4.2788,0.0511,167.9587,54.0659
2025-09-17,94.4010,0.0690,1.3277,2.4138,0.0282,144.4062,53.0159
2025-09-18,91.8620,-2.6897,-3.6202,3.3310,0.0308,27.7921,53.6490
2025-09-19,89.7786,-2.2679,-13.2704,2.9007,0.0201,-86.2199,54.0225
2025-09-22,88.3464,-1.5954,-10.7237,2.8003,0.0156,-81.6411,54.1437
2025-09-23,85.3516,-3.3898,-9.5238,6.6362,0.0220,-61.1812,54.9596

---

Sample ID: bj831087_2024-01-02
Stock: bj831087
As-of date: 2024-01-02
Historical features:
date,close_idx,ret_1d_pct,ret_5d_pct,range_pct,turnover,money_chg_5d_pct,vol_20d_pct
2023-11-21,100.0000,3.4483,6.1947,10.5556,0.0443,645.7078,22.3356
2023-11-22,105.4167,5.4167,12.4444,5.9289,0.0547,446.3269,27.6433
2023-11-23,102.7778,-2.5033,11.4458,10.2703,0.0727,1472.9301,30.1465
2023-11-24,110.1389,7.1622,18.3582,10.2144,0.0997,3628.0877,37.2969
2023-11-27,130.5556,18.5372,35.0575,16.1702,0.2156,2329.0250,71.9852
2023-11-28,132.2222,1.2766,32.2222,15.7563,0.1934,459.6225,71.8571
2023-11-29,136.6667,3.3613,29.6443,13.6179,0.2098,403.1491,71.6522
2023-11-30,122.0833,-10.6707,18.7838,13.9932,0.1482,147.7707,84.5274
2023-12-01,117.0833,-4.0956,6.3052,9.9644,0.1053,18.8260,86.9586
2023-12-04,113.6111,-2.9656,-12.9787,4.8900,0.0620,-73.4305,88.2935
2023-12-05,122.2222,7.5795,-7.5630,11.1364,0.1246,-40.7431,91.1415
2023-12-06,125.0000,2.2727,-8.5366,7.0000,0.0997,-56.8125,91.1603
2023-12-07,127.7778,2.2222,4.6644,7.0652,0.1012,-32.7731,90.9892
2023-12-08,128.3333,0.4348,9.6085,14.7186,0.1373,47.6716,90.9908
2023-12-11,124.3056,-3.1385,9.4132,6.0335,0.0781,38.8147,92.4950
2023-12-12,126.9444,2.1229,3.8636,3.6105,0.0659,-44.7965,92.1748
2023-12-13,137.3611,8.2057,9.8889,11.4257,0.1214,30.6601,94.6391
2023-12-14,145.0000,5.5612,13.4783,15.9962,0.2077,140.4557,94.3312
2023-12-15,161.6667,11.4943,25.9740,16.5808,0.2117,70.9747,99.3832
2023-12-18,158.3333,-2.0619,27.3743,6.6667,0.1492,139.8497,100.8961
2023-12-19,160.2778,1.2281,26.2582,7.9723,0.1107,112.2614,100.9805
2023-12-20,170.8333,6.5858,24.3680,10.5691,0.1718,79.7839,101.5012
2023-12-21,159.1667,-6.8293,9.7701,37.3473,0.3124,88.5548,105.4865
2023-12-22,154.7222,-2.7923,-4.2955,12.2083,0.1803,-14.8045,105.4619
2023-12-25,163.8889,5.9246,3.5088,8.4746,0.1343,-10.8024,86.9819
2023-12-26,165.2778,0.8475,3.1196,8.2353,0.1156,8.6165,86.9958
2023-12-27,165.9722,0.4202,-2.8455,13.7238,0.1512,-9.6408,86.6814
2023-12-28,160.4167,-3.3473,0.7853,6.6667,0.1276,-64.9093,76.8079
2023-12-29,161.8056,0.8658,4.5781,3.1760,0.0967,-43.0854,73.9957
2024-01-02,169.0278,4.4635,3.1356,5.6697,0.1169,-7.9891,72.4233

---

Sample ID: bj831087_2025-09-23
Stock: bj831087
As-of date: 2025-09-23
Historical features:
date,close_idx,ret_1d_pct,ret_5d_pct,range_pct,turnover,money_chg_5d_pct,vol_20d_pct
2025-08-13,100.0000,-0.7621,-0.4913,1.5908,0.0300,16.5321,33.4961
2025-08-14,98.6835,-1.3165,-3.8482,2.6126,0.0226,-62.8867,33.4699
2025-08-15,99.3417,0.6670,-2.6344,1.6565,0.0269,-30.7922,33.5369
2025-08-18,101.0971,1.7670,-1.4439,2.2246,0.0445,25.1789,33.8266
2025-08-19,101.2068,0.1085,0.4355,2.6558,0.0443,39.6046,33.8148
2025-08-20,102.0296,0.8130,2.0296,4.0323,0.0551,86.7258,33.3156
2025-08-21,103.0170,0.9677,4.3913,6.2833,0.0831,285.9782,27.1551
2025-08-22,100.3840,-2.5559,1.0491,2.8415,0.0528,99.3570,25.5371
2025-08-25,101.3714,0.9836,0.2713,3.2468,0.0448,1.7395,25.6901
2025-08-26,101.0422,-0.3247,-0.1626,2.3344,0.0456,4.3151,25.4561
2025-08-27,103.6204,2.5516,1.5591,6.0349,0.0757,37.2986,25.0808
2025-08-28,100.5485,-2.9645,-2.3962,2.7278,0.0523,-38.9882,25.0451
2025-08-29,100.2743,-0.2728,-0.1093,2.4617,0.0385,-26.7272,24.9459
2025-09-01,99.2320,-1.0394,-2.1104,2.3770,0.0309,-32.1846,23.7787
2025-09-02,99.7806,0.5528,-1.2486,2.7488,0.0444,-4.2791,23.3115
2025-09-03,93.2529,-6.5421,-10.0053,11.1765,0.0594,-25.0090,32.6648
2025-09-04,92.5398,-0.7647,-7.9651,4.6236,0.0393,-31.4003,31.3371
2025-09-05,93.3077,0.8299,-6.9475,2.0576,0.0249,-40.5737,31.6850
2025-09-08,96.3796,3.2922,-2.8745,4.7240,0.0412,29.4831,34.2050
2025-09-09,94.1306,-2.3335,-5.6625,5.0117,0.0266,-43.2508,34.5880
2025-09-10,93.5272,-0.6410,0.2941,1.6422,0.0158,-74.4761,34.5700
2025-09-11,94.1854,0.7038,1.7783,2.3879,0.0216,-43.9090,34.5345
2025-09-12,94.3500,0.1747,1.1170,2.2093,0.0183,-25.2086,34.4127
2025-09-15,95.7213,1.4535,-0.6830,2.7507,0.0277,-33.3776,34.1881
2025-09-16,93.6917,-2.1203,-0.4662,2.5761,0.0252,-6.5511,34.7879
2025-09-17,92.8140,-0.9368,-0.7625,1.5957,0.0202,27.1696,34.5579
2025-09-18,91.3878,-1.5366,-2.9703,2.5210,0.0241,9.2794,34.3386
2025-09-19,88.1514,-3.5414,-6.5698,4.1070,0.0333,71.9167,35.2587
2025-09-22,84.8601,-3.7337,-11.3467,4.9127,0.0312,0.3671,36.3651
2025-09-23,82.0625,-3.2967,-12.4122,5.4813,0.0242,-15.0724,37.3034

---

Sample ID: bj831152_2024-01-02
Stock: bj831152
As-of date: 2024-01-02
Historical features:
date,close_idx,ret_1d_pct,ret_5d_pct,range_pct,turnover,money_chg_5d_pct,vol_20d_pct
2023-11-21,100.0000,5.3723,24.5912,10.6007,0.0209,1499.6176,55.4595
2023-11-22,102.3725,2.3725,23.2827,5.8185,0.0180,355.8403,52.5469
2023-11-23,93.9929,-8.1854,13.1915,13.2653,0.0237,576.7856,63.6849
2023-11-24,96.9207,3.1149,8.5359,7.8125,0.0153,45.6852,63.3391
2023-11-27,105.7547,9.1146,11.4362,11.3604,0.0442,533.4244,68.4617
2023-11-28,101.2115,-4.2959,1.2115,6.9825,0.0253,27.0308,71.6786
2023-11-29,93.3872,-7.7307,-8.7771,13.5135,0.0177,-3.2369,78.6450
2023-11-30,88.6926,-5.0270,-5.6391,7.6836,0.0112,-56.4290,80.5061
2023-12-01,89.3488,0.7399,-7.8125,3.4463,0.0075,-53.6383,80.4832
2023-12-04,92.1252,3.1073,-12.8878,6.5205,0.0083,-83.5238,80.7531
2023-12-05,96.5674,4.8219,-4.5885,8.0502,0.0219,-19.8005,81.5562
2023-12-06,93.9425,-2.7182,0.5946,7.3616,0.0142,-21.5365,75.6395
2023-12-07,94.6492,0.7523,6.7160,2.4000,0.0114,6.1083,75.5588
2023-12-08,91.0651,-3.7867,1.9209,8.2594,0.0141,92.7244,77.2643
2023-12-11,90.4089,-0.7206,-1.8630,6.9235,0.0077,-6.9247,77.4355
2023-12-12,94.3463,4.3551,-2.3001,4.8154,0.0119,-46.7491,78.4424
2023-12-13,94.8511,0.5350,0.9672,5.6945,0.0138,-4.6885,77.8756
2023-12-14,95.9112,1.1176,1.3333,4.6842,0.0194,72.4290,77.8278
2023-12-15,92.3776,-3.6842,1.4412,5.3552,0.0115,-17.1353,75.1624
2023-12-18,93.1348,0.8197,3.0151,3.5230,0.0077,0.7370,71.8079
2023-12-19,91.3680,-1.8970,-3.1568,4.1989,0.0076,-38.2103,69.1879
2023-12-20,91.5699,0.2210,-3.4593,1.5436,0.0070,-50.6550,68.4789
2023-12-21,85.0581,-7.1114,-11.3158,9.7329,0.0142,-31.6958,66.9627
2023-12-22,82.5846,-2.9080,-10.6011,4.7677,0.0100,-23.2213,66.1614
2023-12-25,84.3009,2.0782,-9.4851,4.0120,0.0084,-1.1667,56.2719
2023-12-26,83.7961,-0.5988,-8.2873,5.1205,0.0064,-22.1447,54.9732
2023-12-27,82.2817,-1.8072,-10.1433,3.7423,0.0065,-16.2647,48.8671
2023-12-28,88.3392,7.3620,3.8576,10.4571,0.0176,20.7786,53.5006
2023-12-29,87.5820,-0.8571,6.0513,4.8991,0.0161,68.1191,53.5214
2024-01-02,90.8632,3.7464,7.7844,6.4444,0.0174,118.4244,54.0661

---

Sample ID: bj831152_2025-09-23
Stock: bj831152
As-of date: 2025-09-23
Historical features:
date,close_idx,ret_1d_pct,ret_5d_pct,range_pct,turnover,money_chg_5d_pct,vol_20d_pct
2025-08-13,100.0000,-2.2908,1.3088,2.8708,0.0174,47.1663,27.1576
2025-08-14,96.6507,-3.3493,-1.1258,5.0000,0.0237,108.8662,28.9690
2025-08-15,97.2249,0.5941,-2.4484,1.7717,0.0147,-30.6527,29.0028
2025-08-18,100.0000,2.8543,0.2879,4.3541,0.0304,181.3483,28.0917
2025-08-19,100.5263,0.5263,-1.7765,2.2846,0.0252,12.0155,27.5566
2025-08-20,99.9522,-0.5712,-0.0478,3.0158,0.0203,14.9808,26.9514
2025-08-21,98.7081,-1.2446,2.1287,3.5870,0.0211,-9.6474,27.0946
2025-08-22,96.8900,-1.8420,-0.3445,3.1111,0.0250,71.2008,26.5828
2025-08-25,108.2297,11.7037,8.2297,11.6711,0.1186,316.5980,50.1302
2025-08-26,103.3014,-4.5535,2.7606,9.0320,0.0708,185.1553,52.8518
2025-08-27,99.7129,-3.4738,-0.2393,3.6468,0.0442,119.7451,53.8552
2025-08-28,97.6077,-2.1113,-1.1149,4.5588,0.0376,75.3951,54.4129
2025-08-29,97.8469,0.2451,0.9877,3.8631,0.0302,21.2571,53.9750
2025-09-01,97.6077,-0.2445,-9.8143,2.7451,0.0213,-83.5929,53.7292
2025-09-02,98.1818,0.5882,-4.9560,2.6803,0.0243,-67.0624,53.7150
2025-09-03,100.2871,2.1442,0.5758,4.2939,0.0412,-7.2911,54.1647
2025-09-04,102.9665,2.6718,5.4902,5.7156,0.0586,63.1407,54.7214
2025-09-05,108.0861,4.9721,10.4645,5.5777,0.0867,211.5935,56.9236
2025-09-08,103.7321,-4.0283,6.2745,5.9502,0.0559,183.8783,59.1167
2025-09-09,105.4067,1.6144,7.3587,3.8584,0.0362,56.6503,58.6804
2025-09-10,101.1962,-3.9946,0.9065,4.0662,0.0330,-18.2341,59.9416
2025-09-11,100.9091,-0.2837,-1.9981,2.0389,0.0186,-68.6690,58.5566
2025-09-12,101.1962,0.2845,-6.3745,2.7423,0.0194,-78.5368,58.5448
2025-09-15,103.2536,2.0331,-0.4613,6.7655,0.0412,-25.7832,58.1338
2025-09-16,100.6699,-2.5023,-4.4939,3.6597,0.0336,-9.9473,58.9122
2025-09-17,101.2440,0.5703,0.0473,3.3554,0.0178,-46.3284,58.8867
2025-09-18,99.8086,-1.4178,-1.0906,3.4995,0.0252,35.2482,58.9434
2025-09-19,99.7608,-0.0479,-1.4184,3.3094,0.0159,-19.5714,58.4941
2025-09-22,100.7656,1.0072,-2.4096,3.7987,0.0196,-54.6803,40.0194
2025-09-23,98.8038,-1.9468,-1.8536,7.0702,0.0333,-0.5428,37.3481
