你现在要做一个可评测实验：直接根据股票最近 30 个交易日的日线特征，预测未来 1/3/5 个交易日的涨跌概率和收益。

重要规则：
- 只使用每个样本给出的历史表格。
- 不要给买卖建议。
- 不要输出解释性段落。
- 只返回一个 JSON 数组。
- 数组里每个对象必须包含 sample_id 和 prediction。
- prob_up_* 是 0 到 1 的上涨概率。
- pred_return_* 是小数收益率，例如 0.01 表示 +1%。
- confidence 是 0 到 1。
- 不要简单追涨杀跌。遇到短期极端上涨、极端下跌、超高波动时，要考虑均值回归和反转风险。
- 如果走势信号不清楚，概率应该靠近 0.50，confidence 应该偏低。
- prediction 的方向和 pred_return 的正负要尽量一致。

返回格式必须严格像这样：
[
  {
    "sample_id": "example_2024-01-02",
    "prediction": {
      "prob_up_1d": 0.50,
      "prob_up_3d": 0.50,
      "prob_up_5d": 0.50,
      "pred_return_1d": 0.0,
      "pred_return_3d": 0.0,
      "pred_return_5d": 0.0,
      "confidence": 0.0,
      "reason": "简短理由"
    }
  }
]

下面是要预测的样本：

Sample ID: bj831167_2024-01-02
Stock: bj831167
As-of date: 2024-01-02
Historical features:
date,close_idx,ret_1d_pct,ret_5d_pct,range_pct,turnover,money_chg_5d_pct,vol_20d_pct
2023-11-21,100.0000,7.1429,9.7955,10.4902,0.0702,1116.8620,27.4112
2023-11-22,109.6078,9.6078,18.8098,10.3757,0.0658,1180.8629,41.7942
2023-11-23,108.2353,-1.2522,18.0749,13.6775,0.0897,5971.3407,42.5038
2023-11-24,122.0588,12.7717,33.1551,13.8956,0.1032,9494.4214,59.5654
2023-11-27,151.0784,23.7751,61.8697,14.9903,0.2031,4860.6354,98.3629
2023-11-28,152.9412,1.2330,52.9412,17.8846,0.1617,242.7076,98.1174
2023-11-29,136.0784,-11.0256,24.1503,15.8501,0.1028,111.2121,109.0788
2023-11-30,125.5882,-7.7089,16.0326,12.7244,0.0710,-8.0540,114.6568
2023-12-01,118.1373,-5.9329,-3.2129,11.1203,0.0674,-32.5716,117.8617
2023-12-04,116.7647,-1.1618,-22.7125,5.3736,0.0461,-81.4426,118.2166
2023-12-05,134.8039,15.4492,-11.8590,14.2545,0.1011,-47.5134,127.9822
2023-12-06,133.7255,-0.8000,-1.7291,7.9912,0.0769,-28.6924,128.3435
2023-12-07,138.7255,3.7390,10.4606,6.9965,0.0937,41.0719,128.0703
2023-12-08,148.8235,7.2792,25.9751,11.0013,0.0990,77.0188,128.8062
2023-12-11,144.0196,-3.2279,23.3417,13.0020,0.0834,128.6060,130.1042
2023-12-12,156.9608,8.9857,16.4364,13.0543,0.1001,18.2136,131.6618
2023-12-13,157.8431,0.5621,18.0352,6.7702,0.0846,26.1216,131.8177
2023-12-14,150.8824,-4.4099,8.7633,13.4503,0.1109,36.1243,133.8742
2023-12-15,159.3137,5.5880,7.0487,8.6769,0.0738,-21.7875,133.7701
2023-12-18,161.2745,1.2308,11.9809,6.2006,0.0650,-13.1636,133.8622
2023-12-19,156.9608,-2.6748,0.0000,6.4959,0.0432,-55.1519,134.4570
2023-12-20,164.7059,4.9344,4.3478,7.0833,0.0804,-0.6142,132.2320
2023-12-21,142.6471,-13.3929,-5.4581,30.9966,0.0999,-13.9147,143.2070
2023-12-22,145.0980,1.7182,-8.9231,5.9459,0.0460,-41.3423,137.1830
2023-12-25,152.0588,4.7973,-5.7143,5.2224,0.0602,-14.8149,109.5291
2023-12-26,152.1569,0.0645,-3.0606,8.1186,0.0674,52.4274,109.4698
2023-12-27,164.7059,8.2474,0.0000,12.0238,0.1171,43.0688,104.5205
2023-12-28,162.2549,-1.4881,13.7457,6.3444,0.1061,13.4615,99.7392
2023-12-29,190.9804,17.7039,31.6216,26.0267,0.2733,688.1054,111.0971
2024-01-02,195.5882,2.4127,28.6267,9.2732,0.2086,335.1382,110.1882

---

Sample ID: bj831167_2025-09-23
Stock: bj831167
As-of date: 2025-09-23
Historical features:
date,close_idx,ret_1d_pct,ret_5d_pct,range_pct,turnover,money_chg_5d_pct,vol_20d_pct
2025-08-13,100.0000,-3.5906,-0.3123,3.6895,0.0851,108.6574,41.7025
2025-08-14,95.5099,-4.4901,-7.4848,5.0292,0.0591,-52.6387,44.8820
2025-08-15,99.0254,3.6808,-3.0664,4.0422,0.0651,16.2193,46.4462
2025-08-18,105.8127,6.8541,4.0027,5.7895,0.1343,195.8292,51.9200
2025-08-19,105.5691,-0.2303,1.7785,4.2202,0.1263,44.5738,51.9620
2025-08-20,109.6415,3.8576,9.6415,5.7143,0.0839,3.7953,43.7007
2025-08-21,106.6481,-2.7302,11.6618,4.2755,0.0721,33.9044,44.5020
2025-08-22,112.7741,5.7441,13.8840,7.2222,0.1678,190.5330,48.6460
2025-08-25,108.5973,-3.7037,2.6316,10.7692,0.1166,-6.3904,50.7047
2025-08-26,106.7525,-1.6987,1.1210,2.9019,0.0732,-42.5714,49.5867
2025-08-27,102.7149,-3.7822,-6.3175,5.6591,0.0662,-21.3094,51.7164
2025-08-28,104.4205,1.6605,-2.0888,4.7667,0.0657,-12.5199,51.1042
2025-08-29,102.2973,-2.0333,-9.2901,3.9469,0.0525,-70.4744,51.6770
2025-09-01,104.3160,1.9735,-3.9423,2.7361,0.0350,-72.4369,51.9476
2025-09-02,105.7431,1.3680,-0.9455,3.6208,0.0627,-15.9040,52.0573
2025-09-03,102.5757,-2.9954,-0.1355,5.1239,0.0431,-36.1533,53.3400
2025-09-04,104.5597,1.9342,0.1333,4.3276,0.0488,-24.5451,52.7802
2025-09-05,109.7111,4.9268,7.2474,5.0444,0.0839,67.6225,55.2378
2025-09-08,109.4326,-0.2538,4.9049,4.3893,0.0587,78.5391,55.2099
2025-09-09,106.5437,-2.6399,0.7571,3.6589,0.0413,-33.0246,55.9245
2025-09-10,104.9426,-1.5028,2.3074,3.6484,0.0397,-6.2075,54.5248
2025-09-11,106.3696,1.3599,1.7310,3.2068,0.0376,-21.5271,51.5878
2025-09-12,103.6895,-2.5196,-5.4886,4.8003,0.0549,-36.9315,51.3544
2025-09-15,104.0724,0.3693,-4.8982,5.9532,0.0562,-7.6036,45.1239
2025-09-16,103.4459,-0.6020,-2.9075,4.2396,0.0503,19.2106,45.1635
2025-09-17,104.6293,1.1440,-0.2985,1.9295,0.0404,0.0270,43.0149
2025-09-18,104.7685,0.1331,-1.5052,5.9801,0.0781,107.7419,41.9684
2025-09-19,103.3066,-1.3953,-0.3693,4.7170,0.0567,1.8664,36.1269
2025-09-22,100.5221,-2.6954,-3.4114,4.1551,0.0487,-17.0395,35.0706
2025-09-23,96.2409,-4.2590,-6.9650,6.8354,0.0529,-2.8404,37.4606

---

Sample ID: bj831175_2024-05-06
Stock: bj831175
As-of date: 2024-05-06
Historical features:
date,close_idx,ret_1d_pct,ret_5d_pct,range_pct,turnover,money_chg_5d_pct,vol_20d_pct
2024-03-19,100.0000,-1.1576,-1.4744,3.3182,0.0291,-48.4900,65.0586
2024-03-20,100.5856,0.5856,1.5102,2.9107,0.0205,-43.7281,64.6358
2024-03-21,96.8120,-3.7516,1.5700,4.8387,0.0304,-20.0418,66.2237
2024-03-22,93.6890,-3.2258,-5.8208,5.4167,0.0258,-56.0115,66.1020
2024-03-25,88.4841,-5.5556,-12.5402,9.7059,0.0324,-19.7207,68.8116
2024-03-26,87.7033,-0.8824,-12.2967,6.7507,0.0174,-48.2746,53.1169
2024-03-27,87.2479,-0.5193,-13.2600,6.0403,0.0214,-7.3384,53.1280
2024-03-28,88.3539,1.2677,-8.7366,3.9764,0.0199,-41.2814,51.0523
2024-03-29,87.5081,-0.9573,-6.5972,3.9405,0.0174,-38.0519,49.7669
2024-04-01,88.6792,1.3383,0.2206,3.0814,0.0237,-28.8223,46.5693
2024-04-02,87.2479,-1.6141,-0.5193,4.1014,0.0158,-8.6046,44.9116
2024-04-03,83.9948,-3.7286,-3.7286,4.2603,0.0186,-16.8806,42.7546
2024-04-08,79.3754,-5.4996,-10.1620,7.6230,0.0174,-19.2772,45.6675
2024-04-09,81.7827,3.0328,-6.5428,5.9666,0.0151,-19.8108,48.0268
2024-04-10,83.0839,1.5911,-6.3096,6.9695,0.0349,41.7164,44.2014
2024-04-11,83.4092,0.3915,-4.3997,6.2402,0.0252,54.3383,43.9243
2024-04-12,81.9779,-1.7161,-2.4012,3.4127,0.0171,-11.2207,43.7019
2024-04-15,78.0091,-4.8413,-1.7213,8.4237,0.0250,41.0049,44.7527
2024-04-16,71.5680,-8.2569,-12.4901,11.0909,0.0273,64.7145,47.1926
2024-04-17,77.0982,7.7273,-7.2044,7.1730,0.0230,-40.9884,56.6642
2024-04-18,77.0332,-0.0844,-7.6443,4.5608,0.0203,-26.2166,56.8249
2024-04-19,77.6187,0.7601,-5.3175,4.4426,0.0217,20.5718,56.9025
2024-04-22,78.2043,0.7544,0.2502,2.9118,0.0116,-54.8855,56.4966
2024-04-23,79.1152,1.1647,10.5455,3.4539,0.0152,-40.9349,56.3527
2024-04-24,80.8718,2.2204,4.8945,4.1030,0.0161,-25.7082,54.3391
2024-04-25,79.3754,-1.8504,3.0405,4.0984,0.0151,-23.1239,54.5630
2024-04-26,80.2212,1.0656,3.3529,3.0008,0.0160,-24.7318,54.8222
2024-04-29,76.5127,-4.6229,-2.1631,5.0170,0.0403,242.5541,56.4630
2024-04-30,75.0813,-1.8707,-5.0987,4.1594,0.0228,45.0063,56.6205
2024-05-06,76.3175,1.6464,-5.6315,2.2165,0.0160,-6.3712,56.7781

---

Sample ID: bj831175_2025-09-23
Stock: bj831175
As-of date: 2025-09-23
Historical features:
date,close_idx,ret_1d_pct,ret_5d_pct,range_pct,turnover,money_chg_5d_pct,vol_20d_pct
2025-08-13,100.0000,-1.5495,-0.7808,2.4818,0.0309,13.1798,25.0804
2025-08-14,97.1550,-2.8450,-3.6036,5.6075,0.0414,37.9277,26.8457
2025-08-15,99.3341,2.2430,0.0000,3.7782,0.0394,106.8856,28.1742
2025-08-18,104.4189,5.1188,2.7397,6.4348,0.0832,115.8934,32.6892
2025-08-19,104.9031,0.4638,3.2777,3.8661,0.0918,182.4029,31.4271
2025-08-20,103.8741,-0.9810,3.8741,4.0793,0.0508,68.4902,28.2275
2025-08-21,105.3874,1.4569,8.4735,2.5847,0.0548,41.7705,28.5358
2025-08-22,104.2373,-1.0913,4.9360,3.3682,0.0438,17.3045,28.7552
2025-08-25,103.8136,-0.4065,-0.5797,2.9155,0.0577,-30.4663,28.6422
2025-08-26,103.9346,0.1166,-0.9233,4.7758,0.0748,-18.9170,28.3061
2025-08-27,106.4770,2.4461,2.5058,6.3673,0.1476,196.9778,29.2663
2025-08-28,103.5109,-2.7857,-1.7806,5.9649,0.0948,69.6540,30.0284
2025-08-29,102.2397,-1.2281,-1.9164,4.1445,0.0780,76.3726,30.4790
2025-09-01,107.0218,4.6773,3.0904,11.4819,0.1849,245.1754,34.3092
2025-09-02,111.8039,4.4683,7.5713,6.7136,0.1796,147.9425,37.2593
2025-09-03,104.9637,-6.1180,-1.4213,8.5352,0.1246,-14.3585,44.1875
2025-09-04,107.4455,2.3645,3.8012,5.9718,0.1049,14.1902,44.8098
2025-09-05,113.8620,5.9718,11.3677,6.3796,0.1394,92.7955,48.4404
2025-09-08,114.5278,0.5848,7.0136,8.0867,0.1466,-17.4743,48.0767
2025-09-09,113.7409,-0.6871,1.7325,5.0027,0.0923,-47.2575,48.2495
2025-09-10,110.1090,-3.1932,4.9020,7.9714,0.0928,-20.6531,49.5606
2025-09-11,108.9588,-1.0445,1.4085,5.7222,0.0760,-26.2742,48.3318
2025-09-12,110.1090,1.0556,-3.2961,4.2331,0.0908,-34.9066,47.9851
2025-09-15,108.1114,-1.8142,-5.6025,4.8712,0.0789,-49.5707,45.4941
2025-09-16,107.3245,-0.7279,-5.6413,3.8917,0.0610,-37.5572,45.6034
2025-09-17,107.6271,0.2820,-2.2540,2.8684,0.0487,-50.4583,45.4068
2025-09-18,107.0218,-0.5624,-1.7778,4.2421,0.0615,-19.6387,45.2405
2025-09-19,104.2373,-2.6018,-5.3326,4.5877,0.0424,-56.0426,46.0847
2025-09-22,102.8450,-1.3357,-4.8712,3.0606,0.0380,-54.3097,46.3215
2025-09-23,99.2131,-3.5315,-7.5578,6.1623,0.0474,-27.2929,47.9734

---

Sample ID: bj831195_2024-01-02
Stock: bj831195
As-of date: 2024-01-02
Historical features:
date,close_idx,ret_1d_pct,ret_5d_pct,range_pct,turnover,money_chg_5d_pct,vol_20d_pct
2023-11-21,100.0000,4.7059,10.1237,16.4454,0.1210,3711.9200,30.3153
2023-11-22,111.9510,11.9510,22.8700,12.4088,0.1419,1324.8812,49.2919
2023-11-23,108.8866,-2.7372,21.9680,16.6041,0.1643,3171.2695,51.4282
2023-11-24,120.3269,10.5066,33.1073,14.1766,0.1810,2006.5611,60.6810
2023-11-27,156.3841,29.9660,63.7433,0.0000,0.1750,1241.4367,116.5086
2023-11-28,203.2686,29.9804,103.2686,18.5930,0.5615,741.2689,149.1229
2023-11-29,165.3728,-18.6432,47.7190,21.6800,0.4333,407.8974,170.3090
2023-11-30,149.0296,-9.8826,36.8668,13.9822,0.2758,126.5120,176.2847
2023-12-01,141.4709,-5.0720,17.5722,10.5415,0.2124,46.6839,178.5880
2023-12-04,137.1808,-3.0325,-12.2796,10.2755,0.1700,-13.8013,179.7868
2023-12-05,158.4270,15.4877,-22.0603,16.0542,0.3355,-53.0388,184.6480
2023-12-06,146.4760,-7.5435,-11.4268,11.1576,0.2271,-55.3323,188.9704
2023-12-07,151.7875,3.6262,1.8506,10.2961,0.1937,-30.7207,188.6180
2023-12-08,157.4055,3.7012,11.2635,5.4510,0.1899,-4.2277,188.2498
2023-12-11,151.3790,-3.8287,10.3500,7.8273,0.1385,-8.6094,189.9810
2023-12-12,153.6261,1.4845,-3.0303,6.5824,0.1294,-61.4493,189.9658
2023-12-13,159.4484,3.7899,8.8563,7.4311,0.2116,-2.4147,189.6480
2023-12-14,159.2441,-0.1281,4.9125,6.9917,0.2058,14.1892,189.0407
2023-12-15,155.6691,-2.2450,-1.1032,6.8898,0.1368,-28.1526,190.0135
2023-12-18,166.4964,6.9554,9.9865,7.1779,0.2036,53.6709,190.2760
2023-12-19,170.3779,2.3313,10.9043,6.7746,0.1907,66.0324,190.2552
2023-12-20,178.1410,4.5564,11.7233,7.6835,0.2059,8.8839,187.6051
2023-12-21,145.8631,-18.1193,-8.4028,26.4006,0.2258,10.1715,201.2536
2023-12-22,151.5832,3.9216,-2.6247,6.1995,0.1060,-26.2578,198.9911
2023-12-25,161.2870,6.4016,-3.1288,6.4598,0.1348,-36.1215,170.3786
2023-12-26,163.2278,1.2033,-4.1966,8.1352,0.1483,-25.3332,130.7751
2023-12-27,162.2063,-0.6258,-8.9450,4.0932,0.0991,-56.5801,112.4343
2023-12-28,162.9213,0.4408,11.6947,3.9498,0.1286,-43.1441,106.0056
2023-12-29,170.2758,4.5141,12.3315,5.0990,0.1561,66.1017,104.5761
2024-01-02,176.5066,3.6593,9.4364,6.0185,0.1772,47.7290,103.7252

---

Sample ID: bj831195_2025-09-23
Stock: bj831195
As-of date: 2025-09-23
Historical features:
date,close_idx,ret_1d_pct,ret_5d_pct,range_pct,turnover,money_chg_5d_pct,vol_20d_pct
2025-08-13,100.0000,-0.5459,-2.4103,1.7014,0.0208,-11.8265,36.9036
2025-08-14,95.3897,-4.6103,-5.6460,5.4085,0.0358,58.3479,40.5953
2025-08-15,101.9210,6.8470,1.3093,7.3236,0.0606,267.2613,47.1583
2025-08-18,105.3787,3.3926,4.0650,4.0104,0.0556,251.1235,48.0938
2025-08-19,118.6059,12.5521,17.9585,18.7876,0.1458,1053.4153,62.4334
2025-08-20,116.7398,-1.5733,16.7398,5.9709,0.0792,332.2640,61.6911
2025-08-21,120.1976,2.9619,26.0069,13.4247,0.1182,316.6156,59.8146
2025-08-22,127.3326,5.9361,24.9327,7.1983,0.1050,115.4574,61.6879
2025-08-25,122.9967,-3.4052,16.7187,8.2552,0.0789,66.2457,62.1452
2025-08-26,114.5445,-6.8719,-3.4243,7.5707,0.0847,-45.0204,68.2239
2025-08-27,109.2206,-4.6478,-6.4410,5.4271,0.0627,-21.3530,70.6138
2025-08-28,112.0198,2.5628,-6.8037,4.4586,0.0545,-58.7539,69.8981
2025-08-29,110.1537,-1.6659,-13.4914,3.5376,0.0501,-57.5029,70.2874
2025-09-01,110.7025,0.4983,-9.9955,2.4294,0.0356,-59.3589,70.2871
2025-09-02,114.0505,3.0243,-0.4312,6.4485,0.0649,-25.5805,70.8211
2025-09-03,109.6597,-3.8499,0.4020,4.6547,0.0449,-29.3717,72.5738
2025-09-04,110.0988,0.4004,-1.7148,3.7388,0.0344,-36.7333,72.2715
2025-09-05,114.3798,3.8883,3.8366,3.5988,0.0480,-2.5226,73.1236
2025-09-08,115.2580,0.7678,4.1150,3.3333,0.0422,24.4109,73.1229
2025-09-09,112.9528,-2.0000,-0.9625,2.4781,0.0334,-47.9475,73.6071
2025-09-10,109.8244,-2.7697,0.1502,4.1479,0.0300,-33.0993,74.5172
2025-09-11,110.2086,0.3498,0.0997,2.0418,0.0238,-31.1620,71.9790
2025-09-12,107.9583,-2.0418,-5.6142,3.4062,0.0273,-45.1931,68.9594
2025-09-15,109.8793,1.7794,-4.6667,2.5974,0.0261,-41.3694,68.2574
2025-09-16,111.4160,1.3986,-1.3605,3.2512,0.0265,-22.4699,50.9908
2025-09-17,112.8430,1.2808,2.7486,2.8210,0.0277,-6.4902,51.0244
2025-09-18,113.0077,0.1459,2.5398,5.3424,0.0514,126.2547,49.7311
2025-09-19,110.3183,-2.3798,2.1861,3.3831,0.0364,35.7129,44.4692
2025-09-22,108.9462,-1.2438,-0.8492,3.3249,0.0181,-30.5630,43.3583
2025-09-23,104.7201,-3.8791,-6.0099,7.4423,0.0263,-5.4985,38.6316

---

Sample ID: bj831278_2024-01-02
Stock: bj831278
As-of date: 2024-01-02
Historical features:
date,close_idx,ret_1d_pct,ret_5d_pct,range_pct,turnover,money_chg_5d_pct,vol_20d_pct
2023-11-21,100.0000,6.5395,31.2081,26.3427,0.1627,3409.1799,82.6696
2023-11-22,109.7187,9.7187,42.0530,17.0163,0.1609,2082.1532,87.2196
2023-11-23,105.3708,-3.9627,37.3333,16.9903,0.1492,3611.0230,89.6848
2023-11-24,112.5320,6.7961,46.6667,13.8636,0.1508,4958.4368,91.2433
2023-11-27,137.8517,22.5000,46.8665,17.4397,0.2336,201.3139,115.5875
2023-11-28,135.0384,-2.0408,35.0384,29.3561,0.2007,61.7072,116.6083
2023-11-29,116.6240,-13.6364,6.2937,28.0702,0.1321,3.0545,130.8084
2023-11-30,117.6471,0.8772,11.6505,14.5652,0.0844,-39.2833,130.3941
2023-12-01,105.3708,-10.4348,-6.3636,17.7184,0.0899,-39.8465,138.0185
2023-12-04,103.3248,-1.9417,-25.0464,8.4158,0.0496,-82.3818,138.4866
2023-12-05,114.8338,11.1386,-14.9621,13.3630,0.1055,-56.6271,142.1036
2023-12-06,114.5780,-0.2227,-1.7544,5.3571,0.0792,-47.2165,142.3935
2023-12-07,120.9719,5.5804,2.8261,10.5708,0.1103,31.2252,142.5662
2023-12-08,123.2737,1.9027,16.9903,5.6017,0.0858,5.7382,141.8506
2023-12-11,119.4373,-3.1120,15.5941,8.3512,0.0756,78.4410,142.8954
2023-12-12,122.2506,2.3555,6.4588,5.6485,0.0480,-50.7497,142.5633
2023-12-13,131.2020,7.3222,14.5089,7.7973,0.1133,61.0285,143.3562
2023-12-14,156.5217,19.2982,29.3869,20.9150,0.2693,215.2416,153.6366
2023-12-15,146.2916,-6.5359,18.6722,9.0909,0.1523,112.9077,157.6221
2023-12-18,165.2174,12.9371,38.3298,15.0155,0.1917,233.4040,146.0095
2023-12-19,171.3555,3.7152,40.1674,17.9104,0.1901,468.2011,145.5099
2023-12-20,174.4246,1.7910,32.9435,8.6510,0.1511,78.5844,143.4428
2023-12-21,141.1765,-19.0616,-9.8039,34.4203,0.1702,-36.4670,161.6274
2023-12-22,150.3836,6.5217,2.7972,13.4354,0.0958,-37.1472,161.5215
2023-12-25,186.7008,24.1497,13.0031,17.2603,0.1944,8.2882,164.3862
2023-12-26,182.8645,-2.0548,6.7164,9.7902,0.1664,-8.5602,164.3908
2023-12-27,170.0767,-6.9930,-2.4927,9.4737,0.1370,-10.5265,157.5428
2023-12-28,167.0077,-1.8045,18.2971,5.6662,0.0901,-42.8448,158.1643
2023-12-29,168.7980,1.0720,12.2449,4.8485,0.0847,0.4968,151.0606
2024-01-02,172.8900,2.4242,-7.3973,4.2899,0.1084,-44.3752,150.0333

---

Sample ID: bj831278_2025-09-23
Stock: bj831278
As-of date: 2025-09-23
Historical features:
date,close_idx,ret_1d_pct,ret_5d_pct,range_pct,turnover,money_chg_5d_pct,vol_20d_pct
2025-08-13,100.0000,1.7573,-0.7347,2.9605,0.0167,-40.9492,25.1470
2025-08-14,95.8059,-4.1941,-4.8980,4.8927,0.0232,-4.4573,29.2393
2025-08-15,97.4507,1.7167,-1.4963,2.4473,0.0200,-13.8475,29.9828
2025-08-18,102.5493,5.2321,3.0579,6.5758,0.0465,330.6420,32.9597
2025-08-19,103.2072,0.6415,5.0209,5.1793,0.0494,274.9473,32.9370
2025-08-20,104.1941,0.9562,4.1941,3.7096,0.0278,72.6478,30.8829
2025-08-21,102.0559,-2.0521,6.5236,3.7067,0.0198,-9.7659,31.9358
2025-08-22,101.4803,-0.5641,4.1350,2.4311,0.0199,4.1592,31.9315
2025-08-25,100.4112,-1.0535,-2.0850,3.2760,0.0222,-52.8586,32.2138
2025-08-26,100.4934,0.0819,-2.6295,2.8642,0.0221,-56.9122,31.9195
2025-08-27,97.2039,-3.2733,-6.7088,5.1607,0.0227,-21.2299,34.1036
2025-08-28,99.4243,2.2843,-2.5786,4.7974,0.0239,14.3445,33.8144
2025-08-29,100.0000,0.5790,-1.4587,2.9605,0.0225,11.9872,33.7099
2025-09-01,98.4375,-1.5625,-1.9656,3.0911,0.0211,-6.9204,34.0257
2025-09-02,106.2500,7.9365,5.7283,7.7399,0.0704,225.4228,43.8218
2025-09-03,103.2072,-2.8638,6.1760,12.7490,0.0854,312.8229,44.9691
2025-09-04,104.8520,1.5936,5.4591,4.1569,0.0502,123.9167,45.2496
2025-09-05,108.3882,3.3725,8.3882,4.4006,0.0591,180.7916,45.8829
2025-09-08,108.2237,-0.1517,9.9415,6.0790,0.0614,227.3800,45.9387
2025-09-09,103.3717,-4.4833,-2.7090,3.5004,0.0439,-37.0391,48.8790
2025-09-10,101.5625,-1.7502,-1.5936,4.7773,0.0307,-65.7614,49.0751
2025-09-11,101.3980,-0.1619,-3.2941,1.7032,0.0288,-44.2168,46.3848
2025-09-12,99.6711,-1.7032,-8.0425,3.3828,0.0205,-67.5882,46.6107
2025-09-15,101.8914,2.2277,-5.8511,3.3898,0.0234,-65.0710,43.3763
2025-09-16,106.4145,4.4391,2.9435,7.3416,0.0542,24.1879,46.1256
2025-09-17,104.2763,-2.0093,2.6721,3.5489,0.0345,13.7242,46.6723
2025-09-18,110.7730,6.2303,9.2457,8.9087,0.1036,290.8585,50.8139
2025-09-19,105.2632,-4.9740,5.6106,5.8594,0.0621,223.3427,54.2836
2025-09-22,103.4539,-1.7188,1.5335,3.2591,0.0287,26.0546,54.5442
2025-09-23,98.3553,-4.9285,-7.5734,8.1940,0.0377,-34.1166,57.5125

---

Sample ID: bj831304_2024-01-02
Stock: bj831304
As-of date: 2024-01-02
Historical features:
date,close_idx,ret_1d_pct,ret_5d_pct,range_pct,turnover,money_chg_5d_pct,vol_20d_pct
2023-11-21,100.0000,6.8558,9.1787,11.9469,0.0798,1627.1806,31.5557
2023-11-22,109.5133,9.5133,18.4211,11.5152,0.1027,848.9348,44.8141
2023-11-23,113.7168,3.8384,25.9804,13.2296,0.1251,1826.4617,45.7452
2023-11-24,129.2035,13.6187,42.7873,16.2671,0.1448,4917.1525,62.0524
2023-11-27,160.6195,24.3151,71.6312,22.3140,0.1825,1005.9384,100.2606
2023-11-28,146.0177,-9.0909,46.0177,10.3030,0.1292,140.0566,108.8069
2023-11-29,129.4248,-11.3636,18.1818,16.0684,0.1147,45.5076,119.0426
2023-11-30,126.7699,-2.0513,11.4786,7.1553,0.0503,-55.4855,119.7101
2023-12-01,122.1239,-3.6649,-5.4795,7.6087,0.0400,-71.4013,121.4756
2023-12-04,119.4690,-2.1739,-25.6198,7.2222,0.0306,-86.1871,122.2404
2023-12-05,132.3009,10.7407,-9.3939,11.5385,0.0796,-47.6218,126.3453
2023-12-06,134.9558,2.0067,4.2735,8.5246,0.0776,-33.4855,126.2670
2023-12-07,139.6018,3.4426,10.1222,4.2789,0.0533,16.4512,126.2417
2023-12-08,144.6903,3.6450,18.4783,7.1865,0.0696,99.6169,125.7785
2023-12-11,137.1681,-5.1988,14.8148,7.2581,0.0494,88.9126,128.5176
2023-12-12,139.6018,1.7742,5.5184,3.6450,0.0322,-56.4811,128.1833
2023-12-13,142.9204,2.3772,5.9016,5.5728,0.0493,-33.4111,128.0685
2023-12-14,153.0973,7.1207,9.6672,9.3931,0.1036,111.4525,127.7068
2023-12-15,159.0708,3.9017,9.9388,10.0139,0.1338,111.8155,127.3315
2023-12-18,160.1770,0.6954,16.7742,7.3204,0.1182,168.7361,127.6222
2023-12-19,154.2035,-3.7293,10.4596,5.1650,0.0633,121.0940,128.9216
2023-12-20,158.8496,3.0129,11.1455,4.8747,0.0759,69.2295,126.2594
2023-12-21,142.2566,-10.4457,-7.0809,14.9300,0.1004,-1.6313,133.7036
2023-12-22,143.3628,0.7776,-9.8748,5.7099,0.0494,-67.2240,125.7306
2023-12-25,151.5487,5.7099,-5.3867,6.5693,0.0555,-55.7462,92.5561
2023-12-26,181.1947,19.5620,17.5036,24.7863,0.2730,389.0871,109.9866
2023-12-27,171.2389,-5.4945,7.7994,8.9147,0.1819,158.2330,102.7543
2023-12-28,203.0973,18.6047,42.7683,12.3094,0.3195,311.5432,118.0406
2023-12-29,225.6637,11.1111,57.4074,15.1961,0.3482,1010.6354,119.2308
2024-01-02,222.7876,-1.2745,47.0073,11.8173,0.2812,650.0174,118.7176

---

Sample ID: bj831304_2025-09-23
Stock: bj831304
As-of date: 2025-09-23
Historical features:
date,close_idx,ret_1d_pct,ret_5d_pct,range_pct,turnover,money_chg_5d_pct,vol_20d_pct
2025-08-13,100.0000,-0.8333,-2.8571,2.5210,0.0337,21.0357,37.3379
2025-08-14,95.9384,-4.0616,-6.7393,4.8175,0.0522,56.9628,39.9619
2025-08-15,97.8992,2.0438,-3.6527,2.7182,0.0300,-9.8987,40.6796
2025-08-18,100.6303,2.7897,-1.1692,2.9923,0.0445,16.7484,35.8371
2025-08-19,101.7507,1.1134,0.9028,2.8906,0.0613,93.2829,28.0047
2025-08-20,102.8011,1.0323,2.8011,2.1798,0.0436,31.8938,27.8974
2025-08-21,101.7507,-1.0218,6.0584,2.5465,0.0366,-27.2796,27.7292
2025-08-22,100.2101,-1.5141,2.3605,2.9350,0.0370,27.2602,25.9064
2025-08-25,100.2101,0.0000,-0.4175,1.8868,0.0308,-30.7774,25.6372
2025-08-26,101.4006,1.1880,-0.3441,2.2099,0.0349,-43.9074,25.7464
2025-08-27,97.1289,-4.2127,-5.5177,5.2632,0.0439,-2.5751,29.4825
2025-08-28,98.1793,1.0815,-3.5100,4.0656,0.0386,-0.2577,28.6575
2025-08-29,98.2493,0.0713,-1.9567,2.6372,0.0308,-18.0542,28.3015
2025-09-01,98.8095,0.5702,-1.3976,2.3388,0.0255,-19.1127,28.2264
2025-09-02,100.2101,1.4174,-1.1740,2.2362,0.0384,8.1797,28.2470
2025-09-03,97.8291,-2.3760,0.7210,3.3644,0.0276,-37.1885,29.2366
2025-09-04,100.5602,2.7917,2.4251,5.2925,0.0621,67.2529,31.1564
2025-09-05,104.7619,4.1783,6.6287,5.0134,0.0980,233.1957,34.3019
2025-09-08,103.4314,-1.2701,4.6775,4.1300,0.0636,165.6903,34.6823
2025-09-09,104.3417,0.8802,4.1230,3.6242,0.0576,57.1779,34.5490
2025-09-10,101.8908,-2.3490,4.1518,3.7801,0.0469,74.5377,35.5508
2025-09-11,101.0504,-0.8247,0.4875,2.0790,0.0387,-37.6757,32.2030
2025-09-12,99.9300,-1.1088,-4.6123,2.2425,0.0233,-76.9740,31.8546
2025-09-15,99.2297,-0.7008,-4.0623,2.5406,0.0249,-62.4606,30.3515
2025-09-16,99.3697,0.1411,-4.7651,2.4665,0.0292,-52.0744,30.0508
2025-09-17,101.4006,2.0437,-0.4811,3.3840,0.0387,-18.5051,30.7628
2025-09-18,98.9496,-2.4171,-2.0790,3.6093,0.0361,-7.1410,31.7305
2025-09-19,97.8992,-1.0616,-2.0322,3.0758,0.0262,10.4054,31.5067
2025-09-22,96.7087,-1.2160,-2.5406,2.6068,0.0221,-14.1169,31.7514
2025-09-23,94.5378,-2.2448,-4.8626,4.1481,0.0287,-5.8612,32.1559

---

Sample ID: bj831305_2024-01-02
Stock: bj831305
As-of date: 2024-01-02
Historical features:
date,close_idx,ret_1d_pct,ret_5d_pct,range_pct,turnover,money_chg_5d_pct,vol_20d_pct
2023-11-21,100.0000,3.8845,4.8241,9.3001,0.0177,3046.9401,21.5839
2023-11-22,109.2042,9.2042,14.7029,12.9061,0.0294,3836.9847,38.7962
2023-11-23,104.3145,-4.4776,10.3448,11.3971,0.0239,4839.7343,42.1581
2023-11-24,111.2176,6.6176,18.0061,11.3793,0.0267,5698.3921,47.5485
2023-11-27,123.9693,11.4655,28.7849,11.4462,0.0496,3316.2200,60.5154
2023-11-28,116.4909,-6.0325,16.4909,6.5844,0.0312,107.8762,65.8709
2023-11-29,106.4238,-8.6420,-2.5461,12.7928,0.0220,-19.3805,74.0312
2023-11-30,104.9856,-1.3514,0.6434,9.0411,0.0146,-39.6409,74.2234
2023-12-01,101.7258,-3.1050,-8.5345,6.3148,0.0102,-63.6584,75.3874
2023-12-04,112.8476,10.9331,-8.9714,15.2931,0.0257,-51.9419,83.9342
2023-12-05,118.6961,5.1827,1.8930,9.4507,0.0422,32.3893,85.1564
2023-12-06,112.7517,-5.0081,5.9459,6.6327,0.0222,3.5451,88.0054
2023-12-07,114.4775,1.5306,9.0411,4.7739,0.0159,15.3580,87.9043
2023-12-08,113.9022,-0.5025,11.9698,2.7778,0.0145,56.4729,87.3802
2023-12-11,110.1630,-3.2828,-2.3789,10.7050,0.0161,-37.1995,88.7044
2023-12-12,111.6012,1.3055,-5.9774,3.8660,0.0088,-80.3757,88.6107
2023-12-13,113.9981,2.1478,1.1054,4.4575,0.0144,-35.5583,88.6045
2023-12-14,116.2033,1.9344,1.5075,4.2079,0.0230,47.0463,88.4063
2023-12-15,115.0527,-0.9901,1.0101,5.1667,0.0105,-27.2398,88.5925
2023-12-18,118.6961,3.1667,7.7459,4.1195,0.0180,18.1764,88.8202
2023-12-19,117.0662,-1.3732,4.8969,3.4398,0.0087,4.7528,88.6725
2023-12-20,118.8878,1.5561,4.2893,2.4194,0.0134,-4.0356,83.2012
2023-12-21,108.3413,-8.8710,-6.7657,13.3628,0.0274,17.6945,88.0453
2023-12-22,106.0403,-2.1239,-7.8333,5.1537,0.0088,-21.3598,85.1925
2023-12-25,109.3960,3.1646,-7.8352,2.7169,0.0077,-60.0771,74.6904
2023-12-26,110.5465,1.0517,-5.5692,3.1223,0.0125,30.7412,71.9357
2023-12-27,111.6970,1.0408,-6.0484,2.8326,0.0109,-23.6379,64.6411
2023-12-28,111.2176,-0.4292,2.6549,3.6207,0.0135,-51.4907,64.4073
2023-12-29,116.0115,4.3103,9.4033,4.2975,0.0205,145.5511,64.4849
2024-01-02,117.9291,1.6529,7.8002,4.4715,0.0248,244.1767,52.2831

---

Sample ID: bj831305_2025-09-23
Stock: bj831305
As-of date: 2025-09-23
Historical features:
date,close_idx,ret_1d_pct,ret_5d_pct,range_pct,turnover,money_chg_5d_pct,vol_20d_pct
2025-08-13,100.0000,-0.1420,-1.7233,1.6588,0.0195,5.3942,36.4734
2025-08-14,98.3886,-1.6114,-3.3069,4.7206,0.0270,74.3059,36.8671
2025-08-15,100.6635,2.3121,-0.0941,5.0377,0.0234,75.7005,37.7292
2025-08-18,104.8815,4.1902,3.8967,5.1062,0.0371,150.4577,36.5130
2025-08-19,105.2133,0.3163,5.0639,3.8739,0.0425,208.5456,30.9737
2025-08-20,105.2133,0.0000,5.2133,1.9820,0.0226,21.4580,27.2506
2025-08-21,104.7393,-0.4505,6.4547,2.7149,0.0213,-17.0794,26.8090
2025-08-22,103.7915,-0.9050,3.1073,3.1507,0.0176,-21.5638,22.4218
2025-08-25,103.8863,0.0913,-0.9489,3.0109,0.0210,-43.5552,22.3054
2025-08-26,104.9763,1.0493,-0.2252,2.7540,0.0229,-46.6476,22.1520
2025-08-27,102.7962,-2.0767,-2.2973,4.5182,0.0235,3.9324,21.9585
2025-08-28,101.7062,-1.0604,-2.8959,5.3122,0.0249,12.1697,22.1942
2025-08-29,106.1611,4.3802,2.2831,6.0714,0.0456,158.8938,26.8814
2025-09-01,105.7346,-0.4018,1.7792,2.0170,0.0262,26.9432,26.6915
2025-09-02,109.7156,3.7651,4.5147,5.9611,0.0507,127.2187,29.3984
2025-09-03,107.4408,-2.0734,4.5182,5.6903,0.0462,107.7757,30.6787
2025-09-04,111.8483,4.1023,9.9720,5.5085,0.0722,220.8687,33.4917
2025-09-05,122.2749,9.3220,15.1786,10.6589,0.1159,189.0631,45.3432
2025-09-08,117.1090,-4.2248,10.7575,13.3549,0.1030,351.9867,48.9651
2025-09-09,112.8910,-3.6018,2.8942,5.6675,0.0570,19.2507,51.1339
2025-09-10,112.4171,-0.4198,4.6317,3.7099,0.0416,-8.3282,51.2003
2025-09-11,110.0474,-2.1079,-1.6102,4.4358,0.0381,-48.3324,51.5187
2025-09-12,108.4360,-1.4643,-11.3178,3.4528,0.0340,-73.1468,51.6080
2025-09-15,108.9573,0.4808,-6.9607,4.8282,0.0350,-69.0144,49.6582
2025-09-16,109.1469,0.1740,-3.3165,2.8224,0.0311,-48.7432,49.6577
2025-09-17,108.1043,-0.9553,-3.8364,1.9290,0.0226,-47.6014,49.8316
2025-09-18,105.7820,-2.1482,-3.8760,4.8387,0.0296,-23.5382,50.4772
2025-09-19,107.3934,1.5233,-0.9615,4.0159,0.0306,-11.1833,50.5742
2025-09-22,104.9763,-2.2507,-3.6538,3.2506,0.0311,-15.0938,51.3294
2025-09-23,101.8009,-3.0248,-6.7304,5.0745,0.0253,-22.7868,52.3576

---

Sample ID: bj831370_2024-01-02
Stock: bj831370
As-of date: 2024-01-02
Historical features:
date,close_idx,ret_1d_pct,ret_5d_pct,range_pct,turnover,money_chg_5d_pct,vol_20d_pct
2023-11-21,100.0000,6.7511,8.1197,13.0435,0.0313,2687.3235,27.4431
2023-11-22,114.6245,14.6245,22.8814,15.5172,0.0489,1943.4021,57.0880
2023-11-23,112.2530,-2.0690,21.3675,15.1408,0.0742,17767.6630,58.2676
2023-11-24,124.5059,10.9155,35.1931,14.9206,0.0594,13192.4207,67.6048
2023-11-27,160.4743,28.8889,71.3080,24.1379,0.1146,2019.5055,117.3163
2023-11-28,142.6877,-11.0837,42.6877,11.9114,0.0889,315.3017,127.2515
2023-11-29,122.9249,-13.8504,7.2414,19.9357,0.0633,58.1808,139.7574
2023-11-30,122.1344,-0.6431,8.8028,7.1197,0.0267,-63.2945,139.8923
2023-12-01,116.6008,-4.5307,-6.3492,8.1356,0.0258,-56.2609,141.6692
2023-12-04,115.0198,-1.3559,-28.3251,5.8419,0.0255,-81.9663,142.0111
2023-12-05,127.2727,10.6529,-10.8033,10.8696,0.0510,-52.4535,145.5486
2023-12-06,125.2964,-1.5528,1.9293,9.1483,0.0362,-44.7334,146.1056
2023-12-07,131.2253,4.7319,7.4434,8.4337,0.0450,75.9388,146.0764
2023-12-08,134.7826,2.7108,15.5932,14.9560,0.1008,369.4200,145.7694
2023-12-11,126.0870,-6.4516,9.6220,5.9561,0.0647,179.0582,148.6975
2023-12-12,126.4822,0.3135,-0.6211,4.3750,0.0336,-32.8155,148.8017
2023-12-13,128.8538,1.8750,2.8391,6.1350,0.0439,22.7175,148.7446
2023-12-14,132.8063,3.0675,1.2048,7.4405,0.0571,30.8844,148.3929
2023-12-15,136.7589,2.9762,1.4663,4.9133,0.0436,-59.5532,148.0808
2023-12-18,144.2688,5.4913,14.4201,6.0274,0.0502,-12.5766,148.4608
2023-12-19,139.1304,-3.5616,10.0000,5.3977,0.0379,26.3304,149.1232
2023-12-20,142.6877,2.5568,10.7362,4.1551,0.0333,-16.2330,141.5973
2023-12-21,126.4822,-11.3573,-4.7619,25.9375,0.0559,-1.1582,148.3404
2023-12-22,128.0632,1.2500,-6.3584,4.6296,0.0241,-48.0117,143.6562
2023-12-25,132.4111,3.3951,-8.2192,3.8806,0.0254,-53.2792,98.1448
2023-12-26,135.5731,2.3881,-2.5568,5.5394,0.0339,-14.7244,90.7351
2023-12-27,130.8300,-3.4985,-8.3102,6.3444,0.0266,-26.1064,76.1960
2023-12-28,133.5968,2.1148,5.6250,6.2130,0.0281,-50.2235,76.3130
2023-12-29,137.5494,2.9586,7.4074,6.0345,0.0365,63.2541,74.2894
2024-01-02,142.2925,3.4483,7.4627,6.1111,0.0450,91.8509,74.2815

---

Sample ID: bj831370_2025-09-23
Stock: bj831370
As-of date: 2025-09-23
Historical features:
date,close_idx,ret_1d_pct,ret_5d_pct,range_pct,turnover,money_chg_5d_pct,vol_20d_pct
2025-08-13,100.0000,3.8462,5.3388,6.2378,0.0807,313.9494,33.6645
2025-08-14,93.5673,-6.4327,-1.4374,7.9167,0.0609,143.2787,39.5884
2025-08-15,95.3216,1.8750,2.0877,3.0675,0.0328,59.4932,40.1531
2025-08-18,99.0253,3.8855,5.3942,4.5276,0.0526,258.7003,40.1632
2025-08-19,98.2456,-0.7874,2.0243,3.9683,0.0695,23.0773,40.2415
2025-08-20,99.8051,1.5873,-0.1949,3.1250,0.0491,-39.3514,40.4404
2025-08-21,98.0507,-1.7578,4.7917,3.7773,0.0449,-23.6887,38.2594
2025-08-22,97.8558,-0.1988,2.6585,3.1873,0.0333,4.1594,37.0834
2025-08-25,97.2710,-0.5976,-1.7717,2.2044,0.0238,-55.1909,36.9013
2025-08-26,96.6862,-0.6012,-1.5873,2.6210,0.0318,-55.4967,36.9020
2025-08-27,93.1774,-3.6290,-6.6406,4.6025,0.0429,-16.0206,38.9647
2025-08-28,95.1267,2.0921,-2.9821,5.5328,0.0379,-21.0102,38.5569
2025-08-29,94.5419,-0.6148,-3.3865,2.0619,0.0273,-19.8274,38.4697
2025-09-01,98.0507,3.7113,0.8016,7.1571,0.0672,185.0027,40.2966
2025-09-02,100.9747,2.9821,4.4355,6.1776,0.0994,220.2916,41.4284
2025-09-03,94.7368,-6.1776,1.6736,6.9959,0.0635,51.5491,47.4554
2025-09-04,97.0760,2.4691,2.0492,4.8193,0.0470,28.0934,48.2358
2025-09-05,99.2203,2.2088,4.9485,3.1434,0.0499,89.5872,48.2681
2025-09-08,97.8558,-1.3752,-0.1988,3.9841,0.0507,-24.0382,48.6370
2025-09-09,96.2963,-1.5936,-4.6332,2.4291,0.0330,-67.6191,48.3003
2025-09-10,96.4912,0.2024,1.8519,2.0202,0.0196,-69.2551,46.1818
2025-09-11,96.6862,0.2020,-0.4016,2.4194,0.0219,-53.6076,39.7429
2025-09-12,99.6101,3.0242,0.3929,3.7182,0.0586,16.2411,40.5879
2025-09-15,107.4074,7.8278,9.7610,11.2523,0.1517,221.6665,47.1510
2025-09-16,105.2632,-1.9964,9.3117,7.0370,0.0905,197.9068,47.7627
2025-09-17,100.9747,-4.0741,4.6465,5.7915,0.0884,369.7297,50.0505
2025-09-18,107.6023,6.5637,11.2903,14.4928,0.1764,815.0233,54.4641
2025-09-19,109.3567,1.6304,9.7847,11.2299,0.1485,169.3183,54.5303
2025-09-22,102.9240,-5.8824,-4.1742,5.8712,0.0670,-56.4846,59.1196
2025-09-23,103.8986,0.9470,-1.2963,8.2552,0.0905,-0.8595,59.0451

---

Sample ID: bj831396_2024-06-18
Stock: bj831396
As-of date: 2024-06-18
Historical features:
date,close_idx,ret_1d_pct,ret_5d_pct,range_pct,turnover,money_chg_5d_pct,vol_20d_pct
2024-05-07,100.0000,-1.0453,1.0676,1.2324,0.0231,-5.3291,41.0690
2024-05-08,98.2394,-1.7606,-1.5873,2.8674,0.0228,-10.3185,40.6507
2024-05-09,99.2958,1.0753,-0.8787,2.3050,0.0262,-32.1920,36.7109
2024-05-10,103.3451,4.0780,3.5273,7.8365,0.0745,199.7393,38.3600
2024-05-13,105.4577,2.0443,4.3554,4.8414,0.0848,132.8934,38.3384
2024-05-14,102.9930,-2.3372,2.9930,3.4188,0.0536,142.4521,38.9001
2024-05-15,98.9437,-3.9316,0.7168,4.4484,0.0430,91.3478,41.2719
2024-05-16,98.4155,-0.5338,-0.8865,1.6100,0.0201,-24.3981,40.5108
2024-05-17,98.2394,-0.1789,-4.9404,1.4337,0.0180,-76.7045,32.7242
2024-05-20,97.7113,-0.5376,-7.3456,1.4414,0.0163,-82.0893,28.7065
2024-05-21,95.2465,-2.5225,-7.5214,3.3272,0.0165,-71.4796,29.9947
2024-05-22,97.3592,2.2181,-1.6014,2.5316,0.0133,-70.0174,30.2198
2024-05-23,99.8239,2.5316,1.4311,8.2892,0.0603,205.7064,31.5020
2024-05-24,101.4085,1.5873,3.2258,6.7708,0.0866,405.7256,31.3688
2024-05-27,104.4014,2.9514,6.8468,7.9258,0.0774,401.4157,33.0019
2024-05-28,103.5211,-0.8432,8.6876,6.6327,0.0807,427.3026,32.3020
2024-05-29,101.2324,-2.2109,3.9783,4.1739,0.0446,260.8975,33.3409
2024-05-30,98.9437,-2.2609,-0.8818,4.0925,0.0422,-28.9145,34.3444
2024-05-31,97.8873,-1.0676,-3.4722,2.1583,0.0245,-72.4787,34.5242
2024-06-03,96.6549,-1.2590,-7.4199,2.1858,0.0168,-79.0733,34.4037
2024-06-04,100.8803,4.3716,-2.5510,4.5375,0.0335,-59.6139,37.8404
2024-06-05,99.2958,-1.5707,-1.9130,3.7234,0.0278,-39.6313,37.7243
2024-06-06,96.3028,-3.0142,-2.6690,5.6673,0.0277,-35.2637,39.0627
2024-06-07,96.4856,0.1898,-1.4320,3.0303,0.0185,-28.5840,35.8184
2024-06-11,96.8510,0.3788,0.2029,2.4528,0.0119,-32.6127,34.8355
2024-06-12,96.3028,-0.5660,-4.5375,1.1385,0.0123,-65.6161,34.0898
2024-06-13,95.0237,-1.3283,-4.3024,2.3077,0.0156,-47.7117,31.5856
2024-06-14,99.5921,4.8077,3.4156,8.4404,0.0626,121.7928,36.1591
2024-06-17,97.0338,-2.5688,0.5682,4.5198,0.0404,120.5884,37.3644
2024-06-18,97.0338,0.0000,0.1887,2.6365,0.0226,91.9366,37.3173

---

Sample ID: bj831396_2025-09-23
Stock: bj831396
As-of date: 2025-09-23
Historical features:
date,close_idx,ret_1d_pct,ret_5d_pct,range_pct,turnover,money_chg_5d_pct,vol_20d_pct
2025-08-13,100.0000,-1.1304,-2.0672,2.2867,0.0207,-19.9762,36.5469
2025-08-14,96.6579,-3.3421,-4.2683,3.9126,0.0324,39.1268,38.3184
2025-08-15,98.6807,2.0928,-0.9709,2.7629,0.0193,0.3431,39.1829
2025-08-18,103.0783,4.4563,2.0906,4.0102,0.0492,157.5010,38.7032
2025-08-19,102.9024,-0.1706,1.7391,2.8205,0.0586,180.2317,35.1367
2025-08-20,102.8144,-0.0855,2.8144,2.8229,0.0300,47.7197,28.2823
2025-08-21,102.0229,-0.7699,5.5505,2.9310,0.0271,-12.2180,27.5250
2025-08-22,102.2867,0.2586,3.6542,1.3758,0.0197,5.8220,26.5635
2025-08-25,102.2867,0.0000,-0.7679,1.5477,0.0288,-41.1763,26.4389
2025-08-26,104.6614,2.3216,1.7094,5.7143,0.0711,22.1753,27.5874
2025-08-27,102.5506,-2.0168,-0.2566,3.7736,0.0540,83.7330,28.4243
2025-08-28,101.7590,-0.7719,-0.2586,5.7044,0.0397,43.7960,27.0864
2025-08-29,103.9578,2.1608,1.6337,3.3841,0.0505,162.2840,28.0111
2025-09-01,105.6288,1.6074,3.2674,2.4979,0.0435,54.6020,28.4324
2025-09-02,105.4529,-0.1665,0.7563,4.6706,0.0599,-15.5266,28.4776
2025-09-03,104.4855,-0.9174,1.8868,3.6195,0.0419,-22.2675,28.2014
2025-09-04,109.8505,5.1347,7.9516,5.4444,0.1035,177.9571,32.8767
2025-09-05,112.5770,2.4820,8.2910,7.0312,0.1117,138.1729,32.9535
2025-09-08,112.6649,0.0781,6.6611,5.3864,0.0937,133.1675,32.9033
2025-09-09,107.4758,-4.6058,1.9183,4.3372,0.0636,9.9709,37.6918
2025-09-10,105.3650,-1.9640,0.8418,4.0902,0.0357,-13.3049,38.2326
2025-09-11,106.5084,1.0851,-3.0424,2.2296,0.0331,-68.4691,35.8086
2025-09-12,103.6060,-2.7250,-7.9688,5.0085,0.0467,-60.7782,37.0472
2025-09-15,103.9578,0.3396,-7.7283,1.8613,0.0251,-75.2409,33.5981
2025-09-16,105.3650,1.3536,-1.9640,3.1720,0.0262,-60.6888,33.8915
2025-09-17,104.4855,-0.8347,-0.8347,1.7677,0.0224,-38.2745,34.0615
2025-09-18,103.2542,-1.1785,-3.0553,4.0886,0.0353,5.5799,34.2307
2025-09-19,101.7590,-1.4480,-1.7827,3.1979,0.0312,-35.4326,34.6475
2025-09-22,99.9120,-1.8150,-3.8917,3.2570,0.0252,-3.6071,35.2392
2025-09-23,97.4494,-2.4648,-7.5125,5.1444,0.0367,30.8121,34.9823

---

Sample ID: bj831445_2024-01-02
Stock: bj831445
As-of date: 2024-01-02
Historical features:
date,close_idx,ret_1d_pct,ret_5d_pct,range_pct,turnover,money_chg_5d_pct,vol_20d_pct
2023-11-21,100.0000,9.6886,11.2281,17.8233,0.1002,141.9968,146.3040
2023-11-22,111.6719,11.6719,17.2185,16.6667,0.1367,153.3935,148.4766
2023-11-23,103.6278,-7.2034,11.3559,14.7641,0.1103,225.8890,152.0912
2023-11-24,107.7287,3.9574,16.5529,9.0776,0.0851,235.5206,152.1036
2023-11-27,123.3438,14.4949,35.2941,24.0409,0.1635,612.2101,157.2742
2023-11-28,114.5110,-7.1611,14.5110,10.6061,0.0972,12.9639,161.0422
2023-11-29,104.8896,-8.4022,-6.0734,13.5338,0.0755,-45.2923,165.4808
2023-11-30,101.8927,-2.8571,-1.6743,6.8111,0.0402,-65.4116,132.7116
2023-12-01,94.7950,-6.9659,-12.0059,11.4809,0.0472,-49.0700,120.7825
2023-12-04,95.8991,1.1647,-22.2506,10.0329,0.0436,-78.8957,115.2734
2023-12-05,103.4700,7.8947,-9.6419,10.2134,0.0712,-36.2714,114.4318
2023-12-06,114.0379,10.2134,8.7218,19.7787,0.1196,59.6659,112.4419
2023-12-07,110.5678,-3.0429,8.5139,7.4180,0.0882,137.6614,111.0110
2023-12-08,110.4101,-0.1427,16.4725,5.4286,0.0513,22.8393,108.8641
2023-12-11,103.9432,-5.8571,8.3882,8.6495,0.0428,11.0219,111.4497
2023-12-12,110.7256,6.5250,7.0122,5.4131,0.0540,-21.3304,112.3107
2023-12-13,112.9338,1.9943,-0.9682,5.7263,0.0623,-47.9184,110.9901
2023-12-14,112.9338,0.0000,2.1398,10.4749,0.0774,-9.8192,110.3520
2023-12-15,118.7697,5.1676,7.5714,7.0385,0.0896,83.4667,110.9840
2023-12-18,135.6467,14.2098,30.5008,18.2558,0.1666,390.4460,119.1423
2023-12-19,126.0716,-7.0588,13.8596,7.4684,0.1165,156.5201,120.1336
2023-12-20,130.6996,3.6709,15.7312,6.5934,0.1035,95.6791,114.3022
2023-12-21,117.7732,-9.8901,4.2852,21.4092,0.1076,49.5745,117.2294
2023-12-22,120.4862,2.3035,1.4452,8.8742,0.0670,-24.5605,116.8027
2023-12-25,129.7421,7.6821,-4.3529,8.4871,0.0927,-47.8686,108.4211
2023-12-26,139.6363,7.6261,10.7595,14.9714,0.1561,46.1878,107.3127
2023-12-27,131.1783,-6.0571,0.3663,4.9878,0.0869,-15.4925,104.8202
2023-12-28,128.9441,-1.7032,9.4851,6.9307,0.0691,-34.4867,104.2876
2023-12-29,130.5400,1.2376,8.3444,5.5012,0.0517,-15.5922,99.5301
2024-01-02,133.2529,2.0782,2.7060,3.3533,0.0644,-27.6931,99.5060

---

Sample ID: bj831445_2025-04-28
Stock: bj831445
As-of date: 2025-04-28
Historical features:
date,close_idx,ret_1d_pct,ret_5d_pct,range_pct,turnover,money_chg_5d_pct,vol_20d_pct
2025-03-17,100.0000,0.6744,11.4072,7.0813,0.1221,113.4555,50.7982
2025-03-18,100.9569,0.9569,12.3536,3.8863,0.0880,95.5715,47.1236
2025-03-19,91.9617,-8.9100,1.9088,10.4058,0.0874,26.6704,59.3635
2025-03-20,86.8900,-5.5151,-6.8718,7.5991,0.0805,-16.5806,63.4474
2025-03-21,83.0622,-4.4053,-16.3776,5.6452,0.0598,-60.2419,65.7853
2025-03-24,86.3158,3.9171,-13.6842,6.3193,0.0578,-59.7441,66.8727
2025-03-25,90.0478,4.3237,-10.8057,5.8448,0.0561,-43.2585,66.4483
2025-03-26,89.2823,-0.8502,-2.9136,1.9293,0.0423,-54.4803,66.4158
2025-03-27,88.9952,-0.3215,2.4229,3.9785,0.0458,-43.2819,62.9520
2025-03-28,84.2105,-5.3763,1.3825,6.9318,0.0401,-31.3189,63.5926
2025-03-31,82.9665,-1.4773,-3.8803,6.6897,0.0399,-33.4519,62.3615
2025-04-01,84.0191,1.2687,-6.6950,2.5057,0.0273,-53.6357,61.1767
2025-04-02,85.9330,2.2779,-3.7513,4.7884,0.0437,-1.2616,60.9164
2025-04-03,86.8900,1.1136,-2.3656,3.8546,0.0309,-34.7722,59.9119
2025-04-07,67.1770,-22.6872,-20.2273,25.0712,0.0637,39.0750,100.5955
2025-04-08,71.8660,6.9801,-13.3795,5.7257,0.0447,-2.6751,103.3864
2025-04-09,88.1340,22.6365,4.8975,26.4929,0.1203,322.1771,132.9487
2025-04-10,99.4258,12.8122,15.7016,15.3994,0.2205,469.2550,140.2430
2025-04-11,88.5167,-10.9721,1.8722,11.1351,0.1771,522.1937,145.9601
2025-04-14,95.4067,7.7838,42.0228,11.7352,0.1737,247.5089,146.7920
2025-04-15,91.2919,-4.3129,27.0306,5.9748,0.1076,210.1322,147.6485
2025-04-16,97.2249,6.4990,10.3149,9.4488,0.1526,51.9441,149.4433
2025-04-17,102.4880,5.4134,3.0799,12.6050,0.2154,1.0569,146.4313
2025-04-18,105.2632,2.7077,18.9189,12.5455,0.2421,52.8106,144.5085
2025-04-21,101.1483,-3.9091,6.0181,8.7039,0.1558,-5.2132,144.2562
2025-04-22,97.5120,-3.5951,6.8134,7.9490,0.1342,37.2011,144.9744
2025-04-23,94.3541,-3.2385,-2.9528,4.4625,0.1075,-30.8219,145.1708
2025-04-24,93.6842,-0.7099,-8.5901,5.1073,0.0760,-67.2778,145.1526
2025-04-25,93.9713,0.3064,-10.7273,3.4623,0.0456,-83.0051,145.1143
2025-04-28,91.7703,-2.3422,-9.2715,10.5318,0.0696,-58.0996,143.8299

---

Sample ID: bj831526_2024-01-02
Stock: bj831526
As-of date: 2024-01-02
Historical features:
date,close_idx,ret_1d_pct,ret_5d_pct,range_pct,turnover,money_chg_5d_pct,vol_20d_pct
2023-11-16,100.0000,-10.0671,12.8421,7.4627,0.2780,1356.0953,89.9175
2023-11-17,129.8507,29.8507,50.6494,26.5805,0.4840,3339.4570,135.3326
2023-11-20,168.6567,29.8851,96.5217,21.4602,0.5531,12692.8655,164.8475
2023-11-21,211.3806,25.3319,130.2846,27.2727,0.6648,1797.8324,180.3179
2023-11-22,274.6269,29.9206,146.9799,28.6685,0.4959,155.5900,199.0176
2023-11-23,356.9030,29.9592,256.9030,16.3095,0.5593,602.7360,213.1548
2023-11-24,463.8060,29.9530,257.1839,23.0491,0.4209,213.1281,224.9568
2023-11-27,511.1940,10.2172,203.0973,26.4234,0.6961,367.8138,222.5977
2023-12-01,452.7985,-11.4234,114.2101,23.4858,0.6343,123.0618,232.7880
2023-12-04,444.0299,-1.9365,61.6848,11.8487,0.4766,70.0458,233.4479
2023-12-05,577.2388,30.0000,61.7355,24.4990,0.6687,83.2365,240.3921
2023-12-06,561.5672,-2.7149,21.0780,26.1130,0.6509,123.9958,244.0852
2023-12-07,555.9701,-0.9967,8.7591,18.0537,0.4362,-37.8070,245.3128
2023-12-08,503.7313,-9.3960,11.2485,17.2593,0.3543,-34.3939,253.1816
2023-12-11,469.7761,-6.7407,5.7983,13.0659,0.3825,-12.1169,258.9773
2023-12-12,513.8060,9.3725,-10.9890,14.9964,0.4183,-39.6947,256.5895
2023-12-13,535.8209,4.2847,-4.5847,14.2061,0.4742,-38.1580,253.0413
2023-12-14,511.0075,-4.6309,-8.0872,12.5958,0.4069,-8.7580,255.9043
2023-12-15,478.9179,-6.2797,-4.9259,9.3105,0.2420,-39.6488,262.5270
2023-12-18,496.0821,3.5840,5.5997,7.8601,0.2893,-21.8783,259.8406
2023-12-19,530.7836,6.9951,3.3043,20.0351,0.4855,22.5153,250.1937
2023-12-20,517.9104,-2.4253,-3.3426,11.8156,0.3766,-19.7242,241.9160
2023-12-21,399.2537,-22.9107,-21.8693,37.8037,0.4024,-15.0704,251.4004
2023-12-22,414.5522,3.8318,-13.4398,9.0009,0.2539,-9.7246,240.2514
2023-12-25,419.7761,1.2601,-15.3817,5.7778,0.2054,-38.8027,220.6665
2023-12-26,531.7164,26.6667,0.1757,21.7544,0.5823,10.1599,215.5822
2023-12-27,517.5373,-2.6667,-0.0720,7.9308,0.4440,16.8459,190.8362
2023-12-28,507.0896,-2.0187,27.0093,21.4496,0.5384,64.3972,188.0947
2023-12-29,511.0075,0.7726,23.2673,13.3260,0.4130,92.6966,182.6646
2024-01-02,525.1866,2.7747,25.1111,9.5560,0.3450,106.0156,182.3561

---

Sample ID: bj831526_2025-09-23
Stock: bj831526
As-of date: 2025-09-23
Historical features:
date,close_idx,ret_1d_pct,ret_5d_pct,range_pct,turnover,money_chg_5d_pct,vol_20d_pct
2025-08-13,100.0000,-0.8994,3.1553,3.4286,0.0370,104.2159,24.8920
2025-08-14,100.0000,0.0000,-1.0313,3.7311,0.0376,-53.4079,24.8958
2025-08-15,103.8655,3.8655,6.2221,5.4369,0.0697,90.5989,27.7288
2025-08-18,114.5546,10.2913,16.3934,10.4754,0.1202,498.7532,44.7690
2025-08-19,109.0756,-4.7829,8.0946,4.1911,0.0835,106.4206,48.8761
2025-08-20,124.2353,13.8983,24.2353,15.9361,0.1141,256.6303,67.6990
2025-08-21,116.5714,-6.1688,16.5714,6.8339,0.0778,143.4894,72.6459
2025-08-22,116.5714,0.0000,12.2330,5.7382,0.0613,1.2625,72.7156
2025-08-25,113.8487,-2.3356,-0.6162,7.3221,0.0559,-52.2786,73.5363
2025-08-26,111.8992,-1.7124,2.5886,2.3130,0.0339,-58.8594,74.0428
2025-08-27,106.9244,-4.4458,-13.9340,6.3502,0.0462,-61.9569,76.1772
2025-08-28,109.5126,2.4206,-6.0554,3.6219,0.0434,-48.6357,75.8909
2025-08-29,107.6975,-1.6575,-7.6125,5.2434,0.0403,-39.2634,76.3280
2025-09-01,107.2605,-0.4057,-5.7868,3.0711,0.0328,-44.2964,76.3665
2025-09-02,103.2269,-3.7606,-7.7501,7.4243,0.0548,48.5303,77.9642
2025-09-03,101.8151,-1.3676,-4.7784,4.5229,0.0319,-34.9170,78.2174
2025-09-04,101.0756,-0.7263,-7.7041,3.6914,0.0296,-36.0549,76.9296
2025-09-05,104.9076,3.7912,-2.5905,4.0372,0.0352,-16.4788,76.9276
2025-09-08,106.2521,1.2816,-0.9401,2.5308,0.0323,-3.7309,76.9809
2025-09-09,101.2437,-4.7137,-1.9212,5.3453,0.0311,-43.3833,78.7116
2025-09-10,100.2689,-0.9628,-1.5187,2.0784,0.0166,-48.9393,78.7229
2025-09-11,103.8655,3.5870,2.7602,4.0777,0.0262,-10.6124,79.6710
2025-09-12,104.7731,0.8738,-0.1282,3.6894,0.0326,-6.9486,78.5981
2025-09-15,102.5210,-2.1495,-3.5115,6.6557,0.0306,-6.0657,69.1580
2025-09-16,101.4454,-1.0492,0.1992,2.2531,0.0244,-22.9774,67.3128
2025-09-17,101.6134,0.1657,1.3409,2.8118,0.0219,34.0550,41.7410
2025-09-18,104.6387,2.9772,0.7443,7.0350,0.0525,104.4197,39.1692
2025-09-19,102.4874,-2.0559,-2.1816,4.0013,0.0276,-16.5001,39.4930
2025-09-22,105.6134,3.0502,3.0164,4.8695,0.0357,15.9103,40.9753
2025-09-23,97.7143,-7.4793,-3.6779,11.6959,0.0449,80.8338,48.0365
