你现在要做一个可评测实验：直接根据股票最近 30 个交易日的日线特征，预测未来 1/3/5 个交易日的涨跌概率和收益。

重要规则：
- 只使用每个样本给出的历史表格。
- 不要给买卖建议。
- 不要输出解释性段落。
- 只返回一个 JSON 数组。
- 数组里每个对象必须包含 sample_id 和 prediction。
- prob_up_* 是 0 到 1 的上涨概率。
- pred_return_* 是小数收益率，例如 0.01 表示 +1%。
- confidence 是 0 到 1。
- 不要简单追涨杀跌。遇到短期极端上涨、极端下跌、超高波动时，要考虑均值回归和反转风险。
- 如果走势信号不清楚，概率应该靠近 0.50，confidence 应该偏低。
- prediction 的方向和 pred_return 的正负要尽量一致。

返回格式必须严格像这样：
[
  {
    "sample_id": "example_2024-01-02",
    "prediction": {
      "prob_up_1d": 0.50,
      "prob_up_3d": 0.50,
      "prob_up_5d": 0.50,
      "pred_return_1d": 0.0,
      "pred_return_3d": 0.0,
      "pred_return_5d": 0.0,
      "confidence": 0.0,
      "reason": "简短理由"
    }
  }
]

下面是要预测的样本：

Sample ID: bj430489_2024-01-02
Stock: bj430489
As-of date: 2024-01-02
Historical features:
date,close_idx,ret_1d_pct,ret_5d_pct,range_pct,turnover,money_chg_5d_pct,vol_20d_pct
2023-11-21,100.0000,3.6750,12.6050,11.9403,0.0305,946.5510,27.1189
2023-11-22,107.2761,7.2761,19.7917,9.3913,0.0425,1059.5280,35.5579
2023-11-23,104.6642,-2.4348,16.3900,10.3387,0.0428,1447.1218,36.9525
2023-11-24,111.3806,6.4171,22.0859,7.3702,0.0813,2542.5978,41.6121
2023-11-27,126.3060,13.4003,30.9478,12.4077,0.1556,1981.6578,59.6792
2023-11-28,118.2836,-6.3516,18.2836,7.8864,0.0992,297.9368,65.9161
2023-11-29,108.3955,-8.3596,1.0435,15.1463,0.0667,74.4074,74.6950
2023-11-30,105.0373,-3.0981,0.3565,8.7034,0.0326,-24.0190,76.0658
2023-12-01,102.6119,-2.3091,-7.8727,4.3636,0.0227,-73.6118,76.9964
2023-12-04,101.1194,-1.4545,-19.9409,5.3506,0.0255,-86.0636,77.4070
2023-12-05,111.7537,10.5166,-5.5205,11.0184,0.0539,-51.7112,84.4476
2023-12-06,110.4478,-1.1686,1.8933,7.6014,0.0564,-14.6570,84.6368
2023-12-07,115.1119,4.2230,9.5915,7.7796,0.0494,60.1520,85.2483
2023-12-08,118.2836,2.7553,15.2727,6.1514,0.0575,187.2514,85.1023
2023-12-11,116.0448,-1.8927,14.7601,9.8071,0.0570,159.0468,85.7698
2023-12-12,119.0299,2.5723,6.5109,5.4859,0.0508,1.3808,85.5575
2023-12-13,129.4776,8.7774,17.2297,9.6542,0.1489,193.4061,89.1728
2023-12-14,151.3060,16.8588,31.4425,20.4686,0.3077,760.0315,103.2691
2023-12-15,143.6567,-5.0555,21.4511,7.5325,0.1736,269.1981,106.9383
2023-12-18,151.4925,5.4545,30.5466,8.6207,0.1350,196.5764,106.8342
2023-12-19,149.6269,-1.2315,25.7053,8.9776,0.1048,163.1215,107.5298
2023-12-20,156.7164,4.7382,21.0375,15.3571,0.1549,25.3400,106.3254
2023-12-21,131.1567,-16.3095,-13.3169,20.4836,0.1494,-55.0292,124.1220
2023-12-22,133.2090,1.5647,-7.2727,6.0224,0.0761,-59.8015,122.7203
2023-12-25,140.6716,5.6022,-7.1429,6.2334,0.0752,-48.5309,115.3212
2023-12-26,140.4851,-0.1326,-6.1097,9.2961,0.0857,-22.5607,112.2849
2023-12-27,136.7537,-2.6560,-12.7381,4.9113,0.0709,-59.4069,107.6393
2023-12-28,138.4328,1.2278,5.5477,4.1779,0.0760,-50.9664,106.3355
2023-12-29,145.8955,5.3908,9.5238,9.0793,0.0886,25.4267,106.0897
2024-01-02,161.1940,10.4859,14.5889,10.9954,0.1885,187.4554,109.3653

---

Sample ID: bj430489_2025-04-28
Stock: bj430489
As-of date: 2025-04-28
Historical features:
date,close_idx,ret_1d_pct,ret_5d_pct,range_pct,turnover,money_chg_5d_pct,vol_20d_pct
2025-03-17,100.0000,2.4510,-0.7911,5.0239,0.1017,-60.0132,79.6385
2025-03-18,98.5646,-1.4354,-0.5632,4.0049,0.0843,-34.2007,77.5481
2025-03-19,94.6970,-3.9239,-2.0215,5.6421,0.0882,-26.0888,78.8444
2025-03-20,87.2807,-7.8316,-6.4530,9.0452,0.1014,-6.6219,84.6227
2025-03-21,83.6124,-4.2028,-14.3382,7.2485,0.0640,-44.1275,84.9738
2025-03-24,82.7352,-1.0491,-17.2648,7.8072,0.0600,-51.9374,84.4883
2025-03-25,87.7592,6.0723,-10.9628,7.7238,0.1144,18.4504,84.2373
2025-03-26,86.0845,-1.9082,-9.0947,4.8634,0.0712,-26.0644,84.4060
2025-03-27,98.5247,14.4511,12.8826,17.3209,0.2776,193.2181,97.7340
2025-03-28,96.3317,-2.2258,15.2122,10.3477,0.2429,349.0881,97.4755
2025-03-31,90.1116,-6.4570,8.9157,11.1504,0.1541,197.2439,83.5838
2025-04-01,96.0925,6.6372,9.4957,11.2033,0.1523,44.3100,85.4727
2025-04-02,91.4673,-4.8133,6.2529,8.6748,0.1181,77.1072,86.8850
2025-04-03,90.1116,-1.4821,-8.5391,6.5487,0.0982,-67.1944,86.9633
2025-04-07,82.2967,-8.6726,-14.5695,22.4806,0.1677,-39.4408,91.2018
2025-04-08,88.9155,8.0426,-1.3274,8.2960,0.1619,-4.1134,92.6200
2025-04-09,98.8836,11.2108,2.9046,20.2016,0.2318,55.6870,101.2847
2025-04-10,99.2424,0.3629,8.5004,13.3387,0.2866,167.2535,100.7923
2025-04-11,104.0271,4.8212,15.4425,10.7321,0.2923,243.9010,100.9579
2025-04-14,104.0271,0.0000,26.4050,7.3208,0.1938,38.3669,99.9280
2025-04-15,99.9601,-3.9095,12.4215,7.8979,0.1537,13.2374,100.8294
2025-04-16,100.1994,0.2393,1.3306,5.7700,0.1066,-52.5565,100.6477
2025-04-17,104.4258,4.2181,5.2230,7.3310,0.2261,-18.5522,100.2988
2025-04-18,99.4817,-4.7346,-4.3695,4.4088,0.1493,-50.5039,97.3749
2025-04-21,99.7608,0.2806,-4.1012,2.8777,0.0898,-56.3580,95.5855
2025-04-22,100.3589,0.5995,0.3989,6.5952,0.1400,-10.2141,95.2830
2025-04-23,97.9266,-2.4235,-2.2682,3.2980,0.1049,-1.5648,94.2125
2025-04-24,90.5104,-7.5733,-13.3257,8.8987,0.1122,-56.3891,98.3570
2025-04-25,89.7528,-0.8370,-9.7796,3.2430,0.0602,-63.5656,83.2609
2025-04-28,91.0686,1.4660,-8.7130,3.6340,0.0507,-48.5364,83.1807

---

Sample ID: bj430510_2024-01-02
Stock: bj430510
As-of date: 2024-01-02
Historical features:
date,close_idx,ret_1d_pct,ret_5d_pct,range_pct,turnover,money_chg_5d_pct,vol_20d_pct
2023-11-21,100.0000,6.0567,13.3609,17.4970,0.0482,785.0166,59.3249
2023-11-22,114.5808,14.5808,28.8251,17.0732,0.0810,1701.9501,75.0897
2023-11-23,110.2066,-3.8176,21.5818,18.4123,0.0808,954.0868,77.9069
2023-11-24,117.3755,6.5050,30.8943,14.1822,0.0709,1967.9127,79.5151
2023-11-27,133.4143,13.6646,41.4948,13.9344,0.1289,1060.0423,88.6757
2023-11-28,121.9927,-8.5610,21.9927,11.4542,0.0813,107.7980,96.6696
2023-11-29,140.0972,14.8406,22.2694,25.8456,0.1932,211.7033,105.4180
2023-11-30,141.3123,0.8673,28.2249,26.1393,0.1761,202.8280,105.2892
2023-12-01,125.1519,-11.4359,6.6253,16.6019,0.1354,105.6137,109.9304
2023-12-04,119.0765,-4.8544,-10.7468,10.1020,0.0877,-35.2586,111.9226
2023-12-05,132.3208,11.1224,8.4661,17.9982,0.1328,66.8115,115.1020
2023-12-06,130.6197,-1.2856,-6.7650,6.3256,0.0875,-58.4409,115.9199
2023-12-07,158.4447,21.3023,12.1238,26.0736,0.1494,-22.9449,132.6329
2023-12-08,153.0984,-3.3742,22.3301,23.0159,0.1271,26.8634,134.2636
2023-12-11,175.5772,14.6825,47.4490,18.3391,0.1258,102.2409,140.0281
2023-12-12,228.1896,29.9654,72.4518,21.4590,0.1723,106.3797,167.0626
2023-12-13,260.6318,14.2173,99.5349,30.8625,0.1840,294.7317,169.0004
2023-12-14,254.0705,-2.5175,60.3528,21.1382,0.1549,96.4774,171.1475
2023-12-15,261.8469,3.0607,71.0317,15.1740,0.1211,41.8540,169.5673
2023-12-18,263.5480,0.6497,50.1038,8.1604,0.0980,20.3358,170.6186
2023-12-19,258.8092,-1.7981,13.4185,8.1690,0.1035,-26.7424,172.7170
2023-12-20,336.4520,30.0000,29.0909,21.3073,0.1864,24.5618,191.2739
2023-12-21,304.9818,-9.3536,20.0383,24.8207,0.1913,45.6111,196.0544
2023-12-22,396.4763,30.0000,51.4153,21.4833,0.1950,121.9490,213.9607
2023-12-25,410.6926,3.5857,55.8322,11.3609,0.1860,183.2045,212.8222
2023-12-26,393.8032,-4.1124,52.1596,12.2802,0.1464,121.5577,209.1860
2023-12-27,352.2479,-10.5523,4.6948,11.3487,0.1513,-1.8326,215.5284
2023-12-28,340.9478,-3.2080,11.7928,11.8318,0.1601,-5.3763,217.1716
2023-12-29,338.7606,-0.6415,-14.5572,25.7891,0.1557,-24.8052,209.3757
2024-01-02,334.1434,-1.3630,-18.6391,5.8545,0.1066,-51.0678,207.3666

---

Sample ID: bj430510_2025-09-23
Stock: bj430510
As-of date: 2025-09-23
Historical features:
date,close_idx,ret_1d_pct,ret_5d_pct,range_pct,turnover,money_chg_5d_pct,vol_20d_pct
2025-08-13,100.0000,-0.5958,-5.0766,1.4753,0.0247,-58.9833,27.0885
2025-08-14,97.5565,-2.4435,-4.7276,5.1985,0.0329,-20.5268,27.9594
2025-08-15,99.4929,1.9849,-0.3233,3.1047,0.0235,-14.6595,28.9628
2025-08-18,103.6883,4.2169,2.9291,4.5353,0.0507,159.1947,32.1393
2025-08-19,106.5007,2.7123,5.8662,6.4502,0.0798,270.2598,32.9463
2025-08-20,105.1176,-1.2987,5.1176,4.0351,0.0429,81.5570,31.2777
2025-08-21,103.2734,-1.7544,5.8601,3.6607,0.0341,10.7244,31.9930
2025-08-22,103.2273,-0.0446,3.7535,3.9750,0.0321,42.5768,31.8910
2025-08-25,104.4721,1.2059,0.7559,2.6478,0.0324,-34.8909,32.1149
2025-08-26,102.8124,-1.5887,-3.4632,2.3318,0.0277,-66.1417,32.2967
2025-08-27,98.2480,-4.4395,-6.5351,5.1619,0.0544,20.0030,35.5979
2025-08-28,98.7552,0.5162,-4.3750,3.5014,0.0323,-11.4683,35.5451
2025-08-29,99.8156,1.0738,-3.3050,3.6490,0.0337,1.4804,35.7319
2025-09-01,99.5851,-0.2309,-4.6778,2.5926,0.0272,-20.9297,35.1149
2025-09-02,107.1462,7.5926,4.2152,11.5749,0.1032,276.0141,43.9249
2025-09-03,104.1494,-2.7969,6.0066,9.9602,0.0716,44.0230,43.9846
2025-09-04,104.4721,0.3099,5.7890,4.8544,0.0511,69.5796,42.7459
2025-09-05,107.1923,2.6037,7.3903,3.7419,0.0448,41.4310,42.3927
2025-09-08,108.6676,1.3763,9.1204,5.4731,0.0578,136.9909,42.4985
2025-09-09,102.7201,-5.4731,-4.1308,4.5332,0.0469,-54.6324,47.3577
2025-09-10,100.7377,-1.9300,-3.2758,3.0664,0.0288,-62.1859,47.8690
2025-09-11,101.4292,0.6865,-2.9126,2.6364,0.0323,-39.3867,46.9617
2025-09-12,98.7091,-2.6818,-7.9140,4.0168,0.0486,0.9632,47.5744
2025-09-15,101.6598,2.9893,-6.4489,4.2630,0.0405,-35.8932,46.3150
2025-09-16,104.2877,2.5850,1.5260,4.8187,0.0461,-3.1462,46.2161
2025-09-17,102.0747,-2.1220,1.3272,5.0136,0.0482,68.6242,46.5984
2025-09-18,101.3831,-0.6775,-0.0455,4.8204,0.0545,73.1025,46.2487
2025-09-19,98.3402,-3.0014,-0.3737,3.4693,0.0362,-25.8606,47.4183
2025-09-22,99.3545,1.0314,-2.2676,3.5267,0.0272,-33.5891,47.3537
2025-09-23,94.9746,-4.4084,-8.9302,6.2136,0.0324,-34.6849,49.4545

---

Sample ID: bj430556_2024-01-02
Stock: bj430556
As-of date: 2024-01-02
Historical features:
date,close_idx,ret_1d_pct,ret_5d_pct,range_pct,turnover,money_chg_5d_pct,vol_20d_pct
2023-11-21,100.0000,7.9320,12.3894,13.1234,0.1140,2343.9638,34.3856
2023-11-22,117.3228,17.3228,29.9419,16.3311,0.1334,1029.7164,67.5334
2023-11-23,117.5853,0.2237,32.9377,23.6607,0.1787,2682.5706,67.5594
2023-11-24,137.5328,16.9643,55.0296,26.1450,0.1901,10237.9196,86.4437
2023-11-27,160.1050,16.4122,72.8045,15.5738,0.2051,1434.7570,99.1716
2023-11-28,148.5564,-7.2131,48.5564,10.7774,0.1387,83.0134,104.7474
2023-11-29,129.9213,-12.5442,10.7383,24.6465,0.1216,17.8812,118.1507
2023-11-30,126.5092,-2.6263,7.5893,8.7137,0.0767,-55.7569,118.8188
2023-12-01,126.2467,-0.2075,-8.2061,7.2765,0.0604,-68.8346,119.1347
2023-12-04,122.3097,-3.1185,-23.6066,6.6524,0.0496,-80.7331,120.5799
2023-12-05,134.3832,9.8712,-9.5406,11.9141,0.0950,-41.0224,123.4303
2023-12-06,137.2703,2.1484,5.6566,9.7514,0.0920,-25.7196,123.4298
2023-12-07,145.4068,5.9273,14.9378,7.2202,0.0951,38.7669,123.6988
2023-12-08,149.6063,2.8881,18.5031,7.7193,0.0992,91.4732,123.0439
2023-12-11,142.7822,-4.5614,16.7382,8.6397,0.0722,71.2758,125.6322
2023-12-12,145.6693,2.0221,8.3984,4.5045,0.0418,-51.5149,125.5315
2023-12-13,153.0184,5.0450,11.4723,6.5180,0.0785,-6.4134,125.6785
2023-12-14,162.7297,6.3465,11.9134,16.7742,0.1641,98.5377,124.7792
2023-12-15,166.9291,2.5806,11.5789,5.9748,0.0962,5.3748,124.2935
2023-12-18,170.3412,2.0440,19.3015,5.3929,0.0795,29.1581,124.3425
2023-12-19,163.7795,-3.8521,12.4324,6.2500,0.0664,81.3128,125.6409
2023-12-20,167.4541,2.2436,9.4340,3.7618,0.0653,-7.9628,113.2918
2023-12-21,145.6693,-13.0094,-10.4839,16.5766,0.1055,-37.7973,125.2016
2023-12-22,150.6562,3.4234,-9.7484,8.7108,0.0523,-51.3731,111.2822
2023-12-25,158.2677,5.0523,-7.0878,8.1260,0.0597,-30.5857,96.2930
2023-12-26,160.3675,1.3267,-2.0833,8.1833,0.0631,-7.9427,92.3547
2023-12-27,159.8425,-0.3273,-4.5455,4.9261,0.0475,-30.5819,78.5274
2023-12-28,164.5669,2.9557,12.9730,6.0606,0.0748,-26.3473,77.4493
2023-12-29,170.6037,3.6683,13.2404,5.5385,0.1036,128.6715,77.5776
2024-01-02,183.4646,7.5385,15.9204,8.5837,0.1377,164.3024,78.1401

---

Sample ID: bj430556_2025-09-23
Stock: bj430556
As-of date: 2025-09-23
Historical features:
date,close_idx,ret_1d_pct,ret_5d_pct,range_pct,turnover,money_chg_5d_pct,vol_20d_pct
2025-08-13,100.0000,-1.2693,-0.9099,2.1120,0.0215,4.7323,33.9054
2025-08-14,96.4187,-3.5813,-3.8462,4.5714,0.0343,32.1625,35.7866
2025-08-15,101.9284,5.7143,2.6827,6.3063,0.0705,215.0549,41.3884
2025-08-18,106.8871,4.8649,4.6763,7.9038,0.1076,169.0874,41.7354
2025-08-19,104.9587,-1.8041,3.6265,6.7367,0.0971,237.9210,41.9071
2025-08-20,104.9587,0.0000,4.9587,3.2371,0.0540,160.7159,37.8640
2025-08-21,104.9587,0.0000,8.8571,3.2371,0.0365,13.4408,37.5090
2025-08-22,103.5813,-1.3123,1.6216,3.1028,0.0450,-34.4385,36.6399
2025-08-25,103.7649,0.1773,-2.9210,3.2743,0.0517,-53.0074,36.4268
2025-08-26,103.5813,-0.1770,-1.3123,1.8617,0.0324,-68.1527,36.3745
2025-08-27,103.7649,0.1773,-1.1374,5.4867,0.0661,23.7385,34.7677
2025-08-28,103.5813,-0.1770,-1.3123,5.0532,0.0621,66.7722,34.7248
2025-08-29,106.5197,2.8369,2.8369,4.9138,0.0823,85.9702,35.1189
2025-09-01,119.4674,12.1552,15.1327,17.6787,0.2535,494.5244,54.5796
2025-09-02,128.4665,7.5327,24.0248,14.7963,0.2383,760.6043,59.2129
2025-09-03,115.5188,-10.0786,11.3274,11.1288,0.1429,146.0862,71.7644
2025-09-04,109.2746,-5.4054,5.4965,6.5546,0.1357,137.1359,74.9337
2025-09-05,112.3049,2.7731,5.4310,3.4342,0.0918,17.7170,75.1029
2025-09-08,114.3251,1.7989,-4.3044,3.2129,0.0920,-68.3412,74.7935
2025-09-09,112.1212,-1.9277,-12.7234,3.7674,0.0777,-70.2325,75.1913
2025-09-10,110.4683,-1.4742,-4.3720,2.5769,0.0500,-67.5177,75.2629
2025-09-11,111.0193,0.4988,1.5966,1.8197,0.0451,-67.4634,73.6290
2025-09-12,112.0294,0.9098,-0.2453,5.4098,0.0906,1.6751,71.3223
2025-09-15,108.0808,-3.5246,-5.4618,2.8887,0.0737,-20.3469,70.8347
2025-09-16,107.1625,-0.8496,-4.4226,2.2279,0.0462,-42.7732,70.5662
2025-09-17,108.9991,1.7138,-1.3300,2.9486,0.0402,-21.6711,70.7648
2025-09-18,110.3765,1.2637,-0.5790,4.4925,0.0769,73.5214,70.8400
2025-09-19,107.6217,-2.4958,-3.9344,3.1570,0.0383,-60.1056,71.3303
2025-09-22,106.6116,-0.9386,-1.3594,3.1008,0.0375,-49.9638,71.4627
2025-09-23,102.9385,-3.4453,-3.9417,7.4041,0.0448,-6.7752,72.6419

---

Sample ID: bj430564_2024-01-02
Stock: bj430564
As-of date: 2024-01-02
Historical features:
date,close_idx,ret_1d_pct,ret_5d_pct,range_pct,turnover,money_chg_5d_pct,vol_20d_pct
2023-11-21,100.0000,6.6327,8.8542,13.0781,0.0666,280.3502,44.3723
2023-11-22,120.5742,20.5742,32.8647,20.5026,0.1618,1757.0425,83.4052
2023-11-23,116.9059,-3.0423,29.7345,15.4161,0.1461,3026.0195,84.7950
2023-11-24,138.4370,18.4175,53.6283,21.3134,0.2664,7871.7672,103.9081
2023-11-27,179.9043,29.9539,91.8367,19.1489,0.4724,6736.7409,138.1511
2023-11-28,159.8086,-11.1702,59.8086,17.8643,0.4113,894.2946,147.5946
2023-11-29,136.6826,-14.4711,13.3598,25.0875,0.3408,173.1976,160.6302
2023-11-30,135.5662,-0.8168,15.9618,10.5882,0.1620,26.6308,160.9370
2023-12-01,130.9410,-3.4118,-5.4147,9.5006,0.1273,-50.6807,162.1022
2023-12-04,128.8676,-1.5834,-28.3688,10.7673,0.1265,-79.8641,162.6880
2023-12-05,142.4242,10.5198,-10.8782,13.9978,0.2244,-53.8508,164.6386
2023-12-06,141.6268,-0.5599,3.6173,7.8829,0.1745,-50.4104,165.1608
2023-12-07,184.0510,29.9550,35.7647,20.0173,0.1869,49.6461,190.8713
2023-12-08,239.2344,29.9827,82.7040,6.6667,0.3162,340.8706,209.1494
2023-12-11,200.6380,-16.1333,55.6931,22.2576,0.5523,597.3920,223.1032
2023-12-12,210.0478,4.6900,47.4804,16.7046,0.4854,233.3021,223.1071
2023-12-13,214.6730,2.2020,51.5766,13.2987,0.4535,282.1110,222.1550
2023-12-14,203.0303,-5.4235,10.3120,10.9191,0.4206,171.5199,224.4542
2023-12-15,194.2584,-4.3205,-18.8000,10.7553,0.2660,-31.4148,226.2524
2023-12-18,217.8628,12.1511,8.5851,19.3997,0.4543,-10.0840,227.7187
2023-12-19,236.0447,8.3455,12.3766,14.1216,0.3904,-17.5645,227.9420
2023-12-20,254.8644,7.9730,18.7221,19.3992,0.4296,12.0459,221.0212
2023-12-21,209.4099,-17.8348,3.1422,30.5407,0.3482,-7.6382,233.7325
2023-12-22,221.0526,5.5598,13.7931,11.3997,0.2352,-1.4967,227.5312
2023-12-25,230.1435,4.1126,5.6369,7.8309,0.2052,-54.4141,204.6957
2023-12-26,227.1132,-1.3167,-3.7838,8.8483,0.2192,-41.6227,199.2093
2023-12-27,237.4801,4.5646,-6.8210,11.8872,0.2869,-35.3824,188.9184
2023-12-28,228.2297,-3.8952,8.9871,5.1712,0.2290,-36.2122,190.1489
2023-12-29,240.8293,5.5206,8.9466,10.9934,0.3402,61.9223,188.6177
2024-01-02,313.0781,30.0000,36.0360,22.4147,0.3389,107.0936,209.0396

---

Sample ID: bj430564_2025-09-23
Stock: bj430564
As-of date: 2025-09-23
Historical features:
date,close_idx,ret_1d_pct,ret_5d_pct,range_pct,turnover,money_chg_5d_pct,vol_20d_pct
2025-08-13,100.0000,0.9780,-1.0778,2.5827,0.0752,-27.5988,134.0164
2025-08-14,102.0178,2.0178,-0.0791,3.6788,0.1044,-2.6567,133.7099
2025-08-15,108.0307,5.8940,9.7581,8.4049,0.1801,107.5862,134.3065
2025-08-18,111.3801,3.1005,11.2903,6.0145,0.1760,203.7212,134.3514
2025-08-19,109.3624,-1.8116,10.4319,6.0517,0.1506,123.6355,134.5432
2025-08-20,106.9814,-2.1771,6.9814,5.5451,0.1032,47.2803,134.5612
2025-08-21,105.4479,-1.4334,3.3623,3.7122,0.0717,-27.8438,129.0851
2025-08-22,106.2147,0.7271,-1.6810,3.1535,0.0645,-63.7337,67.2796
2025-08-25,106.2550,0.0380,-4.6014,3.6460,0.0734,-59.4257,42.7891
2025-08-26,120.8636,13.7486,10.5166,16.5275,0.2734,95.1995,64.6641
2025-08-27,110.8555,-8.2805,3.6213,12.5956,0.2183,125.7664,71.5975
2025-08-28,108.8781,-1.7838,3.2530,6.5604,0.1324,87.6340,70.2002
2025-08-29,106.6586,-2.0385,0.4179,3.2539,0.0823,29.2844,68.7658
2025-09-01,106.0129,-0.6054,-0.2279,1.9414,0.0604,-17.9340,67.9456
2025-09-02,107.7482,1.6368,-10.8514,4.3446,0.0809,-73.6176,67.6197
2025-09-03,100.6457,-6.5918,-9.2100,8.0192,0.0803,-66.6365,71.8438
2025-09-04,103.3495,2.6864,-5.0778,5.8180,0.0774,-43.8842,72.3802
2025-09-05,107.0218,3.5533,0.3405,4.4872,0.0909,8.3926,71.9102
2025-09-08,107.6675,0.6033,1.5607,3.3733,0.0740,24.4536,71.7800
2025-09-09,103.4705,-3.8981,-3.9700,5.4602,0.0604,-27.3712,73.2718
2025-09-10,101.7756,-1.6381,1.1227,2.9342,0.0419,-48.1291,73.5473
2025-09-11,102.9056,1.1102,-0.4295,2.9020,0.0407,-48.1401,73.3179
2025-09-12,101.3317,-1.5294,-5.3167,3.0665,0.0482,-48.7509,70.2653
2025-09-15,101.0089,-0.3186,-6.1844,2.3172,0.0297,-62.5957,69.1558
2025-09-16,101.7353,0.7191,-1.6771,1.8247,0.0400,-34.9910,69.0541
2025-09-17,100.8878,-0.8330,-0.8723,1.4800,0.0377,-11.2405,68.7267
2025-09-18,101.2510,0.3600,-1.6078,3.8661,0.0615,51.4524,68.5967
2025-09-19,98.5876,-2.6305,-2.7081,4.5027,0.0510,2.9348,69.0826
2025-09-22,94.5924,-4.0524,-6.3524,6.0580,0.0622,98.6584,70.3436
2025-09-23,91.8483,-2.9010,-9.7184,5.8875,0.0593,33.0995,46.3999

---

Sample ID: bj430685_2024-01-02
Stock: bj430685
As-of date: 2024-01-02
Historical features:
date,close_idx,ret_1d_pct,ret_5d_pct,range_pct,turnover,money_chg_5d_pct,vol_20d_pct
2023-11-21,100.0000,8.6475,8.4071,15.6122,0.0520,2166.9156,42.4741
2023-11-22,113.7755,13.7755,23.3407,13.8117,0.0713,1604.6621,61.4064
2023-11-23,110.4082,-2.9596,23.9404,14.6026,0.0713,1129.1174,63.7344
2023-11-24,120.5102,9.1497,35.2806,10.4149,0.0713,2948.0523,68.5341
2023-11-27,132.6531,10.0762,44.1242,10.2308,0.1475,3076.4576,73.7046
2023-11-28,126.3265,-4.7692,26.3265,9.5315,0.0921,125.0788,76.6389
2023-11-29,113.4694,-10.1777,-0.2691,14.2986,0.0732,13.7002,88.2249
2023-11-30,114.3878,0.8094,3.6044,6.5120,0.0245,-66.0886,87.6436
2023-12-01,110.2041,-3.6574,-8.5521,7.8704,0.0199,-73.1041,89.8109
2023-12-04,110.8163,0.5556,-16.4615,5.4328,0.0103,-93.9976,89.8214
2023-12-05,120.0000,8.2873,-5.0081,9.7789,0.0407,-59.5434,92.9471
2023-12-06,121.9388,1.6156,7.4640,4.8536,0.0335,-52.9795,92.0841
2023-12-07,124.4898,2.0921,8.8314,3.4426,0.0252,10.8778,91.9768
2023-12-08,123.4694,-0.8197,12.0370,3.7190,0.0315,75.1861,92.3282
2023-12-11,116.2245,-5.8678,4.8803,7.7261,0.0274,184.2325,96.1668
2023-12-12,116.3265,0.0878,-3.0612,2.3684,0.0137,-66.7016,96.1512
2023-12-13,121.8367,4.7368,-0.0837,5.9464,0.0253,-25.3396,96.7460
2023-12-14,126.7347,4.0201,1.8033,7.0853,0.0540,120.1529,95.2386
2023-12-15,129.7959,2.4155,5.1240,5.1887,0.0438,44.3078,94.9695
2023-12-18,131.6327,1.4151,13.2572,2.6357,0.0511,107.5033,94.8764
2023-12-19,130.0000,-1.2403,11.7544,4.7096,0.0412,237.5015,92.1002
2023-12-20,132.9592,2.2763,9.1290,3.7606,0.0474,105.9388,79.9825
2023-12-21,119.8980,-9.8235,-5.3945,20.7660,0.0607,13.9974,87.7153
2023-12-22,120.8163,0.7660,-6.9182,4.0541,0.0186,-60.6355,81.6646
2023-12-25,135.5102,12.1622,2.9457,10.9187,0.0775,51.9058,85.2862
2023-12-26,148.4694,9.5633,14.2072,13.6082,0.1968,452.7355,89.1964
2023-12-27,140.9184,-5.0859,5.9862,8.1825,0.1087,142.5694,82.3299
2023-12-28,138.8776,-1.4482,15.8298,3.4533,0.0862,52.5879,82.8659
2023-12-29,141.9388,2.2043,17.4831,4.6010,0.0595,277.6288,80.9911
2024-01-02,145.4082,2.4443,7.3042,5.3333,0.0836,18.8267,81.0088

---

Sample ID: bj430685_2025-09-23
Stock: bj430685
As-of date: 2025-09-23
Historical features:
date,close_idx,ret_1d_pct,ret_5d_pct,range_pct,turnover,money_chg_5d_pct,vol_20d_pct
2025-08-13,100.0000,-1.4102,-3.4234,2.7985,0.0394,2.3514,41.5139
2025-08-14,96.2687,-3.7313,-6.5782,7.4935,0.0361,7.3976,43.8075
2025-08-15,104.6020,8.6563,1.1425,11.5933,0.1112,258.4107,53.1557
2025-08-18,116.9154,11.7717,13.5952,11.8085,0.1280,416.7345,66.3289
2025-08-19,116.9776,0.0532,15.3280,12.8655,0.1540,443.6593,66.1655
2025-08-20,113.8060,-2.7113,13.8060,7.6503,0.0920,164.5835,66.6944
2025-08-21,110.3856,-3.0055,14.6641,5.0141,0.0600,88.5761,65.0474
2025-08-22,110.5721,0.1690,5.7075,3.2621,0.0483,-53.6244,64.0768
2025-08-25,112.6866,1.9123,-3.6170,4.5254,0.0640,-50.0170,64.2669
2025-08-26,115.9826,2.9249,-0.8506,6.0054,0.0766,-53.0852,64.2616
2025-08-27,104.4776,-9.9196,-8.1967,7.6190,0.0988,1.8886,72.8953
2025-08-28,105.7214,1.1905,-4.2254,4.6471,0.0488,-24.1036,70.7973
2025-08-29,103.2960,-2.2941,-6.5804,3.3715,0.0357,-29.9322,71.3222
2025-09-01,105.2239,1.8663,-6.6225,3.2506,0.0449,-34.0611,70.7173
2025-09-02,106.6542,1.3593,-8.0429,2.5073,0.0541,-34.5526,70.2186
2025-09-03,102.6119,-3.7901,-1.7857,6.0606,0.0388,-61.5659,71.5016
2025-09-04,103.1716,0.5455,-2.4118,3.5564,0.0382,-21.4414,71.4935
2025-09-05,110.8209,7.4141,7.2848,6.0045,0.0626,81.0669,76.0710
2025-09-08,111.7537,0.8418,6.2057,5.3979,0.0544,30.4238,76.0003
2025-09-09,107.1517,-4.1180,0.4665,4.9913,0.0409,-22.6281,77.4927
2025-09-10,107.0896,-0.0580,4.3636,3.3101,0.0271,-28.3428,77.2252
2025-09-11,106.6542,-0.4065,3.3755,3.3236,0.0302,-19.9002,75.7225
2025-09-12,106.0945,-0.5248,-4.2649,2.3447,0.0238,-62.5841,69.5617
2025-09-15,104.7886,-1.2309,-6.2326,2.7300,0.0312,-46.1339,54.4466
2025-09-16,104.6642,-0.1187,-2.3215,1.9014,0.0205,-51.8520,54.4273
2025-09-17,106.9030,2.1390,-0.1742,3.4904,0.0324,17.9560,54.5340
2025-09-18,104.8507,-1.9197,-1.6910,4.9822,0.0379,27.2416,53.9407
2025-09-19,105.1617,0.2966,-0.8792,2.6020,0.0214,-11.3920,53.9542
2025-09-22,101.4925,-3.4891,-3.1454,4.9020,0.0316,-1.8215,54.5600
2025-09-23,99.7512,-1.7157,-4.6940,4.9875,0.0261,20.1709,53.2062

---

Sample ID: bj430718_2024-01-02
Stock: bj430718
As-of date: 2024-01-02
Historical features:
date,close_idx,ret_1d_pct,ret_5d_pct,range_pct,turnover,money_chg_5d_pct,vol_20d_pct
2023-11-21,100.0000,9.9026,13.2107,20.2363,0.2008,1556.4479,39.7048
2023-11-22,115.0665,15.0665,29.4020,16.4313,0.2609,1878.2864,63.5651
2023-11-23,118.0207,2.5674,35.6537,19.2741,0.3159,3384.3729,63.4947
2023-11-24,153.3235,29.9124,75.9322,22.0617,0.4436,9131.3460,117.7976
2023-11-27,185.5244,21.0019,103.8961,20.3822,0.4997,2599.4333,132.9864
2023-11-28,163.9586,-11.6242,63.9586,13.0631,0.2668,125.7330,143.4555
2023-11-29,142.0975,-13.3333,23.4917,19.5426,0.2044,12.4732,155.5874
2023-11-30,137.3708,-3.3264,16.3955,9.8925,0.1268,-54.0868,156.8197
2023-12-01,136.3368,-0.7527,-11.0790,7.4756,0.1098,-75.6295,157.2159
2023-12-04,132.3486,-2.9252,-28.6624,9.2634,0.0836,-86.7654,158.4072
2023-12-05,153.4712,15.9598,-6.3964,16.0731,0.2259,-25.9723,164.6913
2023-12-06,152.5849,-0.5775,7.3805,12.7783,0.1986,2.0881,165.3136
2023-12-07,159.8227,4.7435,16.3441,9.7043,0.1467,28.6543,165.2369
2023-12-08,165.1403,3.3272,21.1268,6.5295,0.1460,56.7772,164.6670
2023-12-11,152.1418,-7.8712,14.9554,12.4272,0.1195,70.5159,169.0665
2023-12-12,159.5273,4.8544,3.9461,7.7778,0.0913,-57.4919,169.0308
2023-12-13,164.2541,2.9630,7.6476,6.6547,0.1722,-12.1407,168.7170
2023-12-14,164.5495,0.1799,2.9575,8.2585,0.2080,51.6531,167.8572
2023-12-15,166.1743,0.9874,0.6261,8.7111,0.1293,-10.5473,167.6520
2023-12-18,173.8552,4.6222,14.2718,5.0127,0.1613,47.2605,167.6645
2023-12-19,169.8671,-2.2940,6.4815,8.0870,0.1312,56.0488,167.3503
2023-12-20,174.0392,2.4561,5.9573,5.8219,0.1514,-7.6949,161.3434
2023-12-21,153.1784,-11.9863,-6.9105,19.9416,0.2215,6.7663,169.3851
2023-12-22,154.0724,0.5837,-7.2827,6.2863,0.0938,-33.4030,132.9318
2023-12-25,167.7810,8.8975,-3.4939,9.1474,0.1419,-17.3873,113.5154
2023-12-26,174.7843,4.1741,2.8947,7.2464,0.1666,26.8145,106.1431
2023-12-27,180.7445,3.4101,3.8527,11.3768,0.2000,37.2050,92.9493
2023-12-28,184.9167,2.3083,20.7198,9.5890,0.2087,2.4685,91.3098
2023-12-29,192.5160,4.1096,24.9516,7.3529,0.1621,115.6764,91.2418
2024-01-02,198.1782,2.9412,18.1172,5.7895,0.1698,43.0986,89.4898

---

Sample ID: bj430718_2025-09-23
Stock: bj430718
As-of date: 2025-09-23
Historical features:
date,close_idx,ret_1d_pct,ret_5d_pct,range_pct,turnover,money_chg_5d_pct,vol_20d_pct
2025-08-13,100.0000,-0.9636,-2.3747,1.9459,0.0152,-24.0839,20.3376
2025-08-14,96.2162,-3.7838,-5.3191,4.4944,0.0263,3.7243,24.1346
2025-08-15,99.2973,3.2022,-1.2896,3.7561,0.0202,25.1821,26.6212
2025-08-18,102.5946,3.3206,0.9574,3.7408,0.0467,190.5095,29.1765
2025-08-19,107.3514,4.6365,6.3169,4.2800,0.0913,537.4627,33.0165
2025-08-20,106.4324,-0.8560,6.4324,3.9614,0.0425,192.8661,32.0541
2025-08-21,104.4865,-1.8283,8.5955,3.2074,0.0315,29.6446,32.4762
2025-08-22,103.7838,-0.6725,4.5182,3.7500,0.0323,70.0309,32.4168
2025-08-25,102.8649,-0.8854,0.2634,4.2039,0.0377,-19.3678,32.3472
2025-08-26,102.5946,-0.2627,-4.4310,2.5817,0.0310,-67.5069,31.6757
2025-08-27,99.5676,-2.9505,-6.4500,3.9088,0.0282,-36.4509,33.3105
2025-08-28,100.6486,1.0858,-3.6730,3.5983,0.0218,-34.7239,33.0793
2025-08-29,100.3784,-0.2685,-3.2812,2.0463,0.0329,-1.7954,32.9164
2025-09-01,101.0270,0.6462,-1.7867,3.1033,0.0268,-30.8303,31.9987
2025-09-02,103.1892,2.1402,0.5796,2.9859,0.0485,55.6698,32.8975
2025-09-03,99.4595,-3.6145,-0.1086,5.8696,0.0388,38.9445,35.3494
2025-09-04,100.8649,1.4130,0.2148,3.3762,0.0403,87.4758,35.6618
2025-09-05,111.1351,10.1822,10.7162,8.8521,0.1110,258.2002,50.5393
2025-09-08,121.2432,9.0953,20.0107,23.0049,0.2363,1017.1377,58.9693
2025-09-09,116.4865,-3.9233,12.8863,6.1253,0.1332,204.0501,61.2515
2025-09-10,110.1622,-5.4292,10.7609,4.3180,0.0777,118.7938,64.8862
2025-09-11,112.5405,2.1590,11.5756,4.6590,0.0625,69.6536,63.0086
2025-09-12,109.4595,-2.7378,-1.5078,5.3333,0.0593,-44.9426,63.6044
2025-09-15,110.7568,1.1852,-8.6491,2.8795,0.0417,-84.7189,62.8231
2025-09-16,109.7297,-0.9273,-5.8005,3.2512,0.0462,-66.7460,60.9898
2025-09-17,117.9459,7.4877,7.0658,10.6324,0.1195,59.0256,66.0922
2025-09-18,114.4865,-2.9331,1.7291,10.7177,0.1195,101.7463,66.7426
2025-09-19,117.0811,2.2663,6.9630,7.4792,0.1319,139.7549,66.8499
2025-09-22,110.3243,-5.7710,-0.3904,7.3493,0.0823,100.3167,70.5221
2025-09-23,104.2703,-5.4875,-4.9754,9.5905,0.0675,40.7106,73.5868

---

Sample ID: bj830779_2024-01-02
Stock: bj830779
As-of date: 2024-01-02
Historical features:
date,close_idx,ret_1d_pct,ret_5d_pct,range_pct,turnover,money_chg_5d_pct,vol_20d_pct
2023-11-21,100.0000,2.8627,4.8780,8.3111,0.1072,3820.8115,27.1418
2023-11-22,106.2524,6.2524,10.1581,8.2526,0.1365,589.3061,33.1366
2023-11-23,102.7449,-3.3010,8.6256,7.4212,0.1233,3314.7330,36.3958
2023-11-24,110.5604,7.6067,15.9536,7.3793,0.1532,3549.1197,41.5118
2023-11-27,123.2558,11.4828,26.7843,9.5577,0.1875,1644.5893,55.6010
2023-11-28,127.6782,3.5880,27.6782,16.7214,0.1681,95.8632,55.5898
2023-11-29,116.5841,-8.6892,9.7237,14.7809,0.0933,-18.3788,65.3505
2023-11-30,110.7892,-4.9706,7.8293,8.7061,0.0726,-37.3421,68.6422
2023-12-01,106.6336,-3.7509,-3.5517,6.7572,0.0468,-69.0759,70.7961
2023-12-04,111.1323,4.2188,-9.8361,9.3997,0.0871,-57.1249,71.7130
2023-12-05,119.0621,7.1355,-6.7483,10.7909,0.1260,-31.8324,74.7942
2023-12-06,120.3202,1.0567,3.2047,9.4423,0.1169,24.4166,74.7808
2023-12-07,121.4258,0.9189,9.6008,4.0502,0.0972,43.3855,74.7594
2023-12-08,119.3290,-1.7268,11.9056,4.1214,0.0565,34.3673,75.2083
2023-12-11,112.8098,-5.4633,1.5094,7.8405,0.0693,-17.7785,78.9213
2023-12-12,114.7541,1.7236,-3.6183,3.7874,0.0491,-61.7566,78.8865
2023-12-13,117.9565,2.7907,-1.9645,6.5934,0.0775,-35.9927,79.1296
2023-12-14,118.1472,0.1616,-2.7002,4.4208,0.0907,-6.7358,78.3988
2023-12-15,125.4670,6.1955,5.1438,8.6600,0.1448,157.6645,80.3201
2023-12-18,125.1620,-0.2431,10.9496,5.2391,0.0928,48.4063,80.5341
2023-12-19,121.4640,-2.9546,5.8472,5.6497,0.0683,49.3139,81.7635
2023-12-20,123.9421,2.0402,5.0743,3.8757,0.0816,9.5247,79.5820
2023-12-21,116.2791,-6.1827,-1.5812,12.9180,0.1290,47.0466,82.2093
2023-12-22,116.5841,0.2623,-7.0799,3.5317,0.0630,-59.5447,78.1127
2023-12-25,122.5315,5.1014,-2.1017,7.5607,0.0697,-27.5383,68.8129
2023-12-26,125.6576,2.5513,3.4526,8.7985,0.1008,50.3558,68.2038
2023-12-27,129.8132,3.3070,4.7370,7.6065,0.1077,37.7334,60.8046
2023-12-28,133.3587,2.7313,14.6885,12.4643,0.1393,16.4471,57.4873
2023-12-29,137.7430,3.2876,18.1491,6.3382,0.1272,173.1700,55.1649
2024-01-02,139.1155,0.9964,13.5345,5.2069,0.1072,102.9781,54.1147

---

Sample ID: bj830779_2025-09-23
Stock: bj830779
As-of date: 2025-09-23
Historical features:
date,close_idx,ret_1d_pct,ret_5d_pct,range_pct,turnover,money_chg_5d_pct,vol_20d_pct
2025-08-13,100.0000,-0.7452,-0.1874,1.9709,0.0431,-5.0851,21.0407
2025-08-14,98.3107,-1.6893,-1.7585,2.8401,0.0542,31.2441,20.6429
2025-08-15,99.3900,1.0979,-1.7625,2.0302,0.0461,-26.3789,21.0504
2025-08-18,102.6748,3.3050,0.1602,3.7934,0.0976,71.2672,24.7354
2025-08-19,104.2703,1.5539,3.4932,3.5329,0.1386,196.1142,25.4181
2025-08-20,104.0122,-0.2475,4.0122,2.5265,0.0704,68.7754,24.1384
2025-08-21,103.1441,-0.8346,4.9165,3.0027,0.0530,2.5429,24.2385
2025-08-22,101.7363,-1.3649,2.3607,2.7214,0.0587,30.5552,24.6160
2025-08-25,102.1117,0.3690,-0.5484,2.5965,0.0810,-17.1518,23.8168
2025-08-26,101.4547,-0.6434,-2.7003,1.2720,0.0459,-67.7739,23.5526
2025-08-27,98.3107,-3.0990,-5.4816,3.8663,0.0723,-0.8422,23.5549
2025-08-28,96.9029,-1.4320,-6.0510,6.2954,0.0760,33.9053,23.1930
2025-08-29,102.7687,6.0533,1.0148,9.2466,0.2285,296.1971,31.8289
2025-09-01,104.1999,1.3927,2.0450,4.9088,0.1528,92.0105,32.0114
2025-09-02,106.4289,2.1392,4.9029,6.4374,0.2442,468.3647,32.5622
2025-09-03,108.3998,1.8519,10.2625,9.0476,0.2424,268.4413,32.9472
2025-09-04,116.1192,7.1212,19.8305,12.1237,0.3718,489.2517,40.5406
2025-09-05,123.0878,6.0012,19.7717,13.4769,0.3956,102.4901,44.5896
2025-09-08,114.7583,-6.7671,10.1329,7.7694,0.2825,109.1929,52.4238
2025-09-09,110.4176,-3.7825,3.7478,4.2924,0.1773,-25.1651,54.1288
2025-09-10,105.2557,-4.6749,-2.9004,4.8596,0.1611,-35.4263,57.0592
2025-09-11,105.2323,-0.0223,-9.3756,3.0100,0.1078,-74.0396,56.5865
2025-09-12,103.9418,-1.2263,-15.5547,4.0181,0.0995,-78.4606,56.8077
2025-09-15,106.0770,2.0542,-7.5649,5.3970,0.1624,-47.2717,56.0947
2025-09-16,102.4636,-3.4063,-7.2036,4.3508,0.1309,-32.3001,57.2834
2025-09-17,103.9418,1.4426,-1.2483,3.1151,0.0877,-47.6120,57.5104
2025-09-18,100.2112,-3.5892,-4.7715,4.7764,0.1090,-1.0669,58.8924
2025-09-19,99.4603,-0.7492,-4.3115,2.8309,0.0658,-36.2287,58.7546
2025-09-22,100.4223,0.9672,-5.3307,3.2243,0.0575,-67.1856,58.8492
2025-09-23,98.8610,-1.5548,-3.5160,5.9823,0.0688,-49.7614,59.0661

---

Sample ID: bj830799_2024-01-02
Stock: bj830799
As-of date: 2024-01-02
Historical features:
date,close_idx,ret_1d_pct,ret_5d_pct,range_pct,turnover,money_chg_5d_pct,vol_20d_pct
2023-11-21,100.0000,5.0588,5.3066,13.9978,0.0649,182.6326,37.3574
2023-11-22,111.6461,11.6461,18.8319,12.7382,0.0845,328.6776,52.7969
2023-11-23,106.6069,-4.5135,15.2542,15.2311,0.0768,975.6613,56.6298
2023-11-24,114.6697,7.5630,22.6347,8.3984,0.0768,1285.2996,60.7056
2023-11-27,133.8186,16.6992,40.5882,15.5649,0.1307,933.0976,80.9994
2023-11-28,122.7324,-8.2845,22.7324,10.8577,0.0854,62.5706,87.4364
2023-11-29,112.2060,-8.5766,0.5015,13.3733,0.0550,-28.2297,95.0013
2023-11-30,113.4378,1.0978,6.4076,7.8973,0.0379,-49.2325,94.7547
2023-12-01,107.8387,-4.9358,-5.9570,8.8266,0.0325,-58.1127,97.6406
2023-12-04,109.7424,1.7653,-17.9916,9.1837,0.0335,-77.2913,96.0796
2023-12-05,117.8052,7.3469,-4.0146,8.3650,0.0558,-40.0332,98.2845
2023-12-06,114.7816,-2.5665,2.2954,6.8293,0.0365,-34.4342,99.3720
2023-12-07,127.8835,11.4146,12.7345,17.5131,0.1068,212.6139,105.3511
2023-12-08,126.5398,-1.0508,17.3416,10.0000,0.0802,187.3138,105.0657
2023-12-11,133.3707,5.3982,21.5306,21.5785,0.1049,266.9455,105.7535
2023-12-12,130.7951,-1.9312,11.0266,9.0753,0.0725,47.0864,106.4919
2023-12-13,134.6025,2.9110,17.2683,4.9085,0.1021,221.6155,105.9986
2023-12-14,131.2430,-2.4958,2.6270,10.5802,0.1016,1.9785,106.4733
2023-12-15,131.8029,0.4266,4.1593,7.6466,0.0582,-26.2505,106.5721
2023-12-18,135.4983,2.8037,1.5953,4.2149,0.0720,-28.2371,106.6142
2023-12-19,133.1467,-1.7355,1.7979,5.0463,0.0618,-13.4434,106.7471
2023-12-20,132.9227,-0.1682,-1.2479,4.2123,0.0726,-29.6073,100.1033
2023-12-21,114.4457,-13.9006,-12.7986,21.4286,0.0930,-16.2124,111.8855
2023-12-22,125.9798,10.0783,-4.4180,18.1333,0.1101,72.5815,114.2952
2023-12-25,133.8186,6.2222,-1.2397,11.4644,0.1357,92.8482,100.0207
2023-12-26,132.1389,-1.2552,-0.7569,8.2203,0.0978,56.7296,95.1124
2023-12-27,140.5375,6.3559,5.7287,10.9960,0.1325,89.1885,90.7955
2023-12-28,146.8085,4.4622,28.2779,12.3570,0.1307,63.2187,91.4843
2023-12-29,150.0560,2.2121,19.1111,8.0597,0.1014,13.5231,88.3230
2024-01-02,160.6943,7.0896,20.0837,10.0348,0.1280,6.1035,90.2838

---

Sample ID: bj830799_2025-04-28
Stock: bj830799
As-of date: 2025-04-28
Historical features:
date,close_idx,ret_1d_pct,ret_5d_pct,range_pct,turnover,money_chg_5d_pct,vol_20d_pct
2025-03-17,100.0000,-2.1566,5.6174,4.2645,0.0829,221.1314,66.6437
2025-03-18,99.3452,-0.6548,5.6206,3.5691,0.0505,122.5494,63.7932
2025-03-19,101.0861,1.7524,6.3161,6.0515,0.0714,96.8871,63.6087
2025-03-20,97.0452,-3.9975,6.3539,3.7689,0.0549,63.3946,65.1999
2025-03-21,92.8286,-4.3450,-9.1733,7.3985,0.0468,-74.2230,65.2543
2025-03-24,94.9529,2.2884,-5.0471,4.0538,0.0317,-64.0390,65.3991
2025-03-25,93.9786,-1.0261,-5.4019,2.5833,0.0263,-50.4899,64.5217
2025-03-26,93.4356,-0.5778,-7.5683,3.3675,0.0256,-66.5196,63.6751
2025-03-27,93.6911,0.2735,-3.4562,6.9383,0.0376,-34.7252,63.0528
2025-03-28,94.6015,0.9717,1.9098,3.6637,0.0343,-27.0998,61.2336
2025-03-31,91.4391,-3.3429,-3.7006,4.0175,0.0287,-10.6899,60.8839
2025-04-01,87.8454,-3.9301,-6.5262,6.4364,0.0400,45.3935,60.9853
2025-04-02,88.0850,0.2727,-5.7265,2.8830,0.0223,-18.7906,58.8450
2025-04-03,89.6023,1.7226,-4.3641,5.2228,0.0358,-9.4870,59.1525
2025-04-07,76.0901,-15.0802,-19.5678,27.3720,0.0641,53.5127,77.4706
2025-04-08,78.4539,3.1066,-14.2009,5.6393,0.0485,43.4098,78.6268
2025-04-09,90.5446,15.4112,3.0727,16.3521,0.1157,182.0100,97.4837
2025-04-10,94.7772,4.6745,7.5975,15.1331,0.1215,485.8635,98.8426
2025-04-11,92.8606,-2.0222,3.6364,5.2460,0.0758,122.1457,97.9640
2025-04-14,93.7230,0.9288,23.1738,3.4594,0.0579,9.5798,87.7111
2025-04-15,90.8801,-3.0334,15.8388,3.5149,0.0429,3.2656,88.0137
2025-04-16,93.8189,3.2337,3.6162,6.7926,0.0619,-44.0859,88.9015
2025-04-17,91.0398,-2.9622,-3.9434,2.4561,0.0459,-63.4891,89.1481
2025-04-18,92.4453,1.5439,-0.4472,6.6171,0.0701,-7.0165,88.3251
2025-04-21,93.9626,1.6413,0.2556,8.7030,0.0666,14.6386,87.0513
2025-04-22,98.3549,4.6745,8.2250,10.6366,0.1558,313.4673,88.2131
2025-04-23,100.2076,1.8837,6.8097,7.2043,0.1224,120.2781,88.2271
2025-04-24,92.1578,-8.0332,1.2281,7.2617,0.0927,107.1885,93.2281
2025-04-25,92.4453,0.3120,-0.0000,3.8528,0.0516,-27.0290,93.2292
2025-04-28,90.7682,-1.8141,-3.3996,3.8888,0.0417,-40.3187,93.4074

---

Sample ID: bj830809_2024-01-02
Stock: bj830809
As-of date: 2024-01-02
Historical features:
date,close_idx,ret_1d_pct,ret_5d_pct,range_pct,turnover,money_chg_5d_pct,vol_20d_pct
2023-11-21,100.0000,7.7754,11.3839,10.0200,0.0264,510.7567,52.9962
2023-11-22,113.2265,13.2265,20.2128,13.6283,0.0405,319.2123,67.3859
2023-11-23,108.6172,-4.0708,19.1209,13.6531,0.0443,933.5264,69.8535
2023-11-24,116.2325,7.0111,28.0353,10.5172,0.0420,1565.0750,70.7348
2023-11-27,132.6653,14.1379,42.9806,12.3867,0.0902,2879.8299,82.5421
2023-11-28,128.4569,-3.1722,28.4569,12.0125,0.0528,160.3556,83.5284
2023-11-29,114.6293,-10.7644,1.2389,16.7832,0.0461,30.0621,94.9998
2023-11-30,107.8156,-5.9441,-0.7380,11.1524,0.0331,-26.9623,99.1328
2023-12-01,103.2064,-4.2751,-11.2069,8.9320,0.0196,-56.4681,101.3405
2023-12-04,105.0100,1.7476,-20.8459,5.3435,0.0135,-87.6142,101.3474
2023-12-05,113.4269,8.0153,-11.7005,9.1873,0.0325,-47.2449,103.3577
2023-12-06,128.4569,13.2509,12.0629,16.5367,0.0703,53.3683,111.0191
2023-12-07,124.8497,-2.8081,15.7993,7.5441,0.0579,102.0460,110.2821
2023-12-08,127.6553,2.2472,23.6893,4.8666,0.0394,144.2527,109.3325
2023-12-11,122.2445,-4.2386,16.4122,12.6230,0.0292,155.6379,111.1819
2023-12-12,120.0401,-1.8033,5.8304,5.6761,0.0204,-32.0414,111.6428
2023-12-13,122.2445,1.8364,-4.8362,4.5902,0.0197,-72.5505,110.9984
2023-12-14,126.6533,3.6066,1.4446,4.5886,0.0361,-37.6344,109.7733
2023-12-15,130.2605,2.8481,2.0408,6.3077,0.0410,5.3410,109.4729
2023-12-18,133.0661,2.1538,8.8525,5.4217,0.0371,33.7500,109.4720
2023-12-19,127.2545,-4.3675,6.0100,4.7244,0.0221,16.4556,109.5183
2023-12-20,130.2605,2.3622,6.5574,4.0000,0.0235,26.5460,100.4111
2023-12-21,117.8357,-9.5385,-6.9620,13.6054,0.0444,21.2595,105.7278
2023-12-22,119.2385,1.1905,-8.4615,4.8739,0.0229,-49.4315,103.0425
2023-12-25,122.6453,2.8571,-7.8313,5.2288,0.0200,-49.7957,89.9311
2023-12-26,133.8677,9.1503,5.1969,8.5329,0.0680,208.7844,95.0911
2023-12-27,129.2585,-3.4431,-0.7692,5.2713,0.0423,78.8067,86.9143
2023-12-28,142.2846,10.0775,20.7483,16.0563,0.0897,126.3242,89.1443
2023-12-29,143.2866,0.7042,20.1681,5.4545,0.0601,212.2424,86.5481
2024-01-02,144.4890,0.8392,17.8105,6.2413,0.0490,189.9300,86.6143

---

Sample ID: bj830809_2025-09-23
Stock: bj830809
As-of date: 2025-09-23
Historical features:
date,close_idx,ret_1d_pct,ret_5d_pct,range_pct,turnover,money_chg_5d_pct,vol_20d_pct
2025-08-13,100.0000,0.3484,3.0411,1.3889,0.0335,76.5281,24.7066
2025-08-14,96.7014,-3.2986,-0.8897,3.7702,0.0384,99.1094,27.4408
2025-08-15,98.4375,1.7953,2.3466,1.7637,0.0272,56.8295,28.2254
2025-08-18,101.9097,3.5273,1.2069,4.4293,0.0644,-25.7179,30.6790
2025-08-19,102.0833,0.1704,2.4390,3.4014,0.0663,34.6239,30.6742
2025-08-20,102.6042,0.5102,2.6042,2.5381,0.0457,38.8926,30.0007
2025-08-21,101.2153,-1.3536,4.6679,3.0875,0.0405,9.6289,28.8871
2025-08-22,101.5625,0.3431,3.1746,1.8803,0.0381,45.1847,28.6128
2025-08-25,104.3403,2.7350,2.3850,2.6622,0.0620,-0.9723,29.7958
2025-08-26,102.4306,-1.8303,0.3401,2.8814,0.0472,-28.9789,30.4777
2025-08-27,98.6111,-3.7288,-3.8917,4.2254,0.0522,12.8196,33.4136
2025-08-28,98.6111,0.0000,-2.5729,3.5211,0.0432,2.0808,32.7954
2025-08-29,101.7361,3.1690,0.1709,5.9727,0.0792,108.1651,34.2050
2025-09-01,100.0000,-1.7065,-4.1597,2.2569,0.0472,-26.7803,34.8657
2025-09-02,100.0000,0.0000,-2.3729,2.4306,0.0509,4.3482,34.8657
2025-09-03,101.3889,1.3889,2.8169,4.2808,0.0679,31.6293,35.0761
2025-09-04,107.2917,5.8219,8.8028,10.5178,0.1644,320.0843,40.2939
2025-09-05,119.4444,11.3269,17.4061,16.2791,0.1799,164.0483,54.9481
2025-09-08,115.1042,-3.6337,15.1042,6.3348,0.1330,225.2854,55.7581
2025-09-09,113.7153,-1.2066,13.7153,7.0229,0.1060,144.2954,55.8335
2025-09-10,108.3333,-4.7328,6.8493,4.4872,0.0899,42.0417,59.0986
2025-09-11,109.0278,0.6410,1.6181,2.8662,0.0595,-63.8032,57.4013
2025-09-12,106.9444,-1.9108,-10.4651,4.0584,0.0638,-67.9568,57.9356
2025-09-15,110.4167,3.2468,-4.0724,5.6604,0.0838,-39.5052,57.7479
2025-09-16,108.5069,-1.7296,-4.5802,4.9600,0.0599,-48.1312,58.2669
2025-09-17,107.9861,-0.4800,-0.3205,3.2154,0.0474,-47.7623,58.3407
2025-09-18,106.5972,-1.2862,-2.2293,3.7459,0.0627,5.0534,58.3155
2025-09-19,105.0347,-1.4658,-1.7857,2.8099,0.0403,-37.7085,58.6591
2025-09-22,102.9514,-1.9835,-6.7610,3.2040,0.0356,-60.4568,58.3780
2025-09-23,101.7361,-1.1804,-6.2400,5.1195,0.0481,-23.9865,58.1536

---

Sample ID: bj830832_2024-01-02
Stock: bj830832
As-of date: 2024-01-02
Historical features:
date,close_idx,ret_1d_pct,ret_5d_pct,range_pct,turnover,money_chg_5d_pct,vol_20d_pct
2023-11-21,100.0000,10.7239,16.0112,20.3390,0.0291,3507.3703,39.3918
2023-11-22,111.1380,11.1380,27.8552,12.8540,0.0367,877.7701,51.8304
2023-11-23,110.6538,-0.4357,26.9444,13.7856,0.0298,1150.8847,52.3579
2023-11-24,123.7288,11.8162,40.3846,16.6341,0.0374,3944.5994,62.9281
2023-11-27,143.0993,15.6556,58.4450,13.0288,0.0633,1689.8475,78.4490
2023-11-28,131.4770,-8.1218,31.4770,11.0497,0.0417,95.8441,87.4581
2023-11-29,115.2542,-12.3389,3.7037,18.0672,0.0322,3.6812,102.4477
2023-11-30,113.5593,-1.4706,2.6258,7.8891,0.0134,-54.5826,102.6808
2023-12-01,106.2954,-6.3966,-14.0900,10.0228,0.0118,-70.4081,106.8097
2023-12-04,107.9903,1.5945,-24.5347,6.7265,0.0107,-86.4946,106.7998
2023-12-05,121.7918,12.7803,-7.3665,18.6879,0.0304,-36.4381,113.6641
2023-12-06,121.7918,0.0000,5.6723,7.1571,0.0147,-54.8547,113.8222
2023-12-07,125.4237,2.9821,10.4478,3.8610,0.0189,53.8329,113.7722
2023-12-08,126.8765,1.1583,19.3622,5.3435,0.0171,69.7963,113.3851
2023-12-11,123.0024,-3.0534,13.9013,8.0709,0.0129,37.6508,114.9268
2023-12-12,123.4867,0.3937,1.3917,6.4706,0.0087,-70.5733,114.8427
2023-12-13,126.8765,2.7451,4.1750,6.1069,0.0188,30.1761,114.7745
2023-12-14,133.6562,5.3435,6.5637,7.4275,0.0355,97.0960,115.0860
2023-12-15,133.6562,0.0000,5.3435,6.1594,0.0214,31.2620,115.3190
2023-12-18,138.2567,3.4420,12.4016,4.3783,0.0211,81.4634,115.3840
2023-12-19,134.3826,-2.8021,8.8235,5.4054,0.0140,77.3567,112.3892
2023-12-20,137.5303,2.3423,8.3969,4.4014,0.0278,62.0073,106.8133
2023-12-21,123.9709,-9.8592,-7.2464,15.0391,0.0305,-12.9851,113.8301
2023-12-22,123.7288,-0.1953,-7.4275,5.6751,0.0137,-41.4504,106.1534
2023-12-25,128.8136,4.1096,-6.8301,5.4511,0.0157,-31.3298,90.6514
2023-12-26,134.6247,4.5113,0.1802,8.0935,0.0289,105.5370,87.3497
2023-12-27,134.3826,-0.1799,-2.2887,5.7658,0.0125,-56.5430,73.6738
2023-12-28,137.2881,2.1622,10.7422,4.9383,0.0261,-11.9072,73.2689
2023-12-29,138.9831,1.2346,12.3288,3.4843,0.0360,193.4750,67.7784
2024-01-02,171.9128,23.6934,33.4586,24.9296,0.1282,913.4347,104.1176

---

Sample ID: bj830832_2025-09-23
Stock: bj830832
As-of date: 2025-09-23
Historical features:
date,close_idx,ret_1d_pct,ret_5d_pct,range_pct,turnover,money_chg_5d_pct,vol_20d_pct
2025-08-13,100.0000,-0.9281,-2.9545,1.7564,0.0194,57.0708,29.2322
2025-08-14,96.2529,-3.7471,-7.7441,5.1095,0.0236,-14.6344,32.1756
2025-08-15,98.9461,2.7981,-3.4286,2.7219,0.0167,-27.9663,33.1440
2025-08-18,102.3419,3.4320,-0.1143,4.0046,0.0257,23.6446,34.7600
2025-08-19,102.9274,0.5721,1.9722,2.1615,0.0444,73.9598,33.3323
2025-08-20,103.2787,0.3413,3.2787,3.2880,0.0272,43.5072,32.2447
2025-08-21,103.6300,0.3401,7.6642,1.4689,0.0278,25.2135,28.0500
2025-08-22,103.0445,-0.5650,4.1420,2.3864,0.0243,52.5664,26.0687
2025-08-25,102.4590,-0.5682,0.1144,2.0571,0.0235,-7.9245,25.9572
2025-08-26,101.9906,-0.4571,-0.9101,2.0666,0.0204,-54.9357,25.5732
2025-08-27,98.3607,-3.5591,-4.7619,4.8810,0.0267,-4.3491,28.4673
2025-08-28,98.9461,0.5952,-4.5198,4.1420,0.0240,-19.1898,27.9430
2025-08-29,99.0632,0.1183,-3.8636,3.1915,0.0187,-25.2469,27.1164
2025-09-01,100.9368,1.8913,-1.4857,3.9443,0.0239,-0.8757,28.0675
2025-09-02,102.6932,1.7401,0.6889,2.2805,0.0337,64.9340,28.8070
2025-09-03,99.5316,-3.0787,1.1905,5.0588,0.0274,3.9409,30.8057
2025-09-04,101.1710,1.6471,2.2485,3.0093,0.0306,32.3837,31.0769
2025-09-05,104.8009,3.5880,5.7920,3.3520,0.0648,259.9197,33.0738
2025-09-08,105.0351,0.2235,4.0603,3.0100,0.0430,90.8428,33.0713
2025-09-09,103.8642,-1.1148,1.1403,2.4803,0.0300,-9.2731,32.8542
2025-09-10,103.0445,-0.7892,3.5294,2.3864,0.0191,-29.1072,32.7967
2025-09-11,104.3326,1.2500,3.1250,1.9080,0.0187,-37.5003,29.5123
2025-09-12,102.6932,-1.5713,-2.0112,2.2805,0.0202,-68.9071,28.9125
2025-09-15,103.9813,1.2543,-1.0033,2.0270,0.0258,-41.0897,26.6288
2025-09-16,102.4590,-1.4640,-1.3529,1.9429,0.0183,-39.7454,27.1191
2025-09-17,103.5129,1.0286,0.4545,2.8281,0.0278,46.5919,27.3456
2025-09-18,103.7471,0.2262,-0.5612,3.6117,0.0537,190.3656,27.3312
2025-09-19,104.8009,1.0158,2.0525,9.8324,0.1209,528.9668,27.4583
2025-09-22,98.1265,-6.3687,-5.6306,7.0406,0.0840,214.4074,35.7845
2025-09-23,94.9649,-3.2220,-7.3143,4.8089,0.0415,110.2089,37.3677
