你现在要做一个可评测实验：直接根据股票最近 30 个交易日的日线特征，预测未来 1/3/5 个交易日的涨跌概率和收益。

重要规则：
- 只使用每个样本给出的历史表格。
- 不要给买卖建议。
- 不要输出解释性段落。
- 只返回一个 JSON 数组。
- 数组里每个对象必须包含 sample_id 和 prediction。
- prob_up_* 是 0 到 1 的上涨概率。
- pred_return_* 是小数收益率，例如 0.01 表示 +1%。
- confidence 是 0 到 1。
- 不要简单追涨杀跌。遇到短期极端上涨、极端下跌、超高波动时，要考虑均值回归和反转风险。
- 如果走势信号不清楚，概率应该靠近 0.50，confidence 应该偏低。
- prediction 的方向和 pred_return 的正负要尽量一致。

返回格式必须严格像这样：
[
  {
    "sample_id": "example_2024-01-02",
    "prediction": {
      "prob_up_1d": 0.50,
      "prob_up_3d": 0.50,
      "prob_up_5d": 0.50,
      "pred_return_1d": 0.0,
      "pred_return_3d": 0.0,
      "pred_return_5d": 0.0,
      "confidence": 0.0,
      "reason": "简短理由"
    }
  }
]

下面是要预测的样本：

Sample ID: bj430017_2024-01-02
Stock: bj430017
As-of date: 2024-01-02
Historical features:
date,close_idx,ret_1d_pct,ret_5d_pct,range_pct,turnover,money_chg_5d_pct,vol_20d_pct
2023-11-21,100.0000,4.6329,8.5222,9.2732,0.0795,763.0178,30.1393
2023-11-22,105.8480,5.8480,11.4336,7.0245,0.0924,229.0116,34.5562
2023-11-23,105.6809,-0.1579,15.3145,10.7510,0.0944,497.1465,34.7099
2023-11-24,137.3434,29.9605,48.3755,22.0195,0.2574,5233.9648,108.1464
2023-11-27,152.6316,11.1314,59.7028,24.9042,0.3690,2310.2414,112.3614
2023-11-28,137.0092,-10.2354,37.0092,16.1585,0.2165,275.7423,121.4550
2023-11-29,124.1437,-9.3902,17.2849,17.0929,0.1668,132.2357,128.2678
2023-11-30,129.9081,4.6433,22.9249,12.3473,0.1375,70.8377,127.6858
2023-12-01,122.6399,-5.5949,-10.7056,9.6730,0.0992,-61.9351,130.6605
2023-12-04,119.1312,-2.8610,-21.9485,8.0645,0.0785,-82.9656,131.7960
2023-12-05,128.7385,8.0645,-6.0366,11.5509,0.1334,-44.2109,133.4348
2023-12-06,124.6449,-3.1798,0.4038,7.9088,0.0979,-43.8267,134.7559
2023-12-07,127.6525,2.4129,-1.7363,4.8429,0.0819,-40.8976,134.7144
2023-12-08,132.4144,3.7304,7.9700,6.3722,0.1031,5.2525,134.6155
2023-12-11,129.0727,-2.5237,8.3450,9.0615,0.0859,19.2478,135.6184
2023-12-12,129.6575,0.4531,0.7138,3.3505,0.0675,-49.5050,135.4402
2023-12-13,137.7611,6.2500,10.5228,11.2189,0.1796,94.8938,136.2287
2023-12-14,137.9282,0.1213,8.0497,6.7232,0.1569,104.1564,134.8092
2023-12-15,135.5890,-1.6959,2.3975,4.8675,0.0810,-18.4358,135.5128
2023-12-18,138.4294,2.0949,7.2492,4.8280,0.0973,18.3240,135.4611
2023-12-19,135.6725,-1.9916,4.6392,4.8030,0.0663,3.6625,135.9137
2023-12-20,141.0192,3.9409,2.3651,5.8649,0.1086,-38.7436,135.3378
2023-12-21,120.7185,-14.3957,-12.4773,22.6298,0.1436,-13.3229,146.9502
2023-12-22,119.1312,-1.3149,-12.1380,6.7321,0.0639,-30.2616,99.6576
2023-12-25,126.0652,5.8205,-8.9318,6.6269,0.0606,-28.8743,92.9839
2023-12-26,126.2322,0.1325,-6.9581,6.9490,0.0615,10.3898,86.0273
2023-12-27,126.2322,0.0000,-10.4858,3.3091,0.0415,-56.4863,78.9843
2023-12-28,128.5714,1.8531,6.5052,4.3535,0.0560,-51.4632,77.5122
2023-12-29,132.4144,2.9890,11.1501,3.4069,0.0521,14.3593,75.1506
2024-01-02,136.6750,3.2177,8.4162,3.6675,0.0634,13.4750,74.6461

---

Sample ID: bj430017_2025-09-23
Stock: bj430017
As-of date: 2025-09-23
Historical features:
date,close_idx,ret_1d_pct,ret_5d_pct,range_pct,turnover,money_chg_5d_pct,vol_20d_pct
2025-08-13,100.0000,0.5502,-4.7350,2.0976,0.0325,-36.7711,44.8176
2025-08-14,96.1240,-3.8760,-7.3814,4.0797,0.0471,16.4088,46.8766
2025-08-15,98.0392,1.9924,-5.9904,2.9302,0.0271,-15.5626,47.0108
2025-08-18,100.6384,2.6512,-1.8675,2.4921,0.0466,1.2576,47.9824
2025-08-19,103.5568,2.8999,4.1265,6.7371,0.0781,88.7840,48.8720
2025-08-20,101.9152,-1.5852,1.9152,3.9374,0.0471,46.8409,49.2028
2025-08-21,100.4104,-1.4765,4.4592,4.1326,0.0405,-10.5181,49.3399
2025-08-22,99.4984,-0.9083,1.4884,2.7956,0.0308,15.9573,49.4131
2025-08-25,99.9544,0.4583,-0.6797,2.0073,0.0384,-18.2655,49.0185
2025-08-26,98.1304,-1.8248,-5.2400,2.1840,0.0299,-64.1122,45.5220
2025-08-27,95.3944,-2.7881,-6.3982,3.2505,0.0310,-37.5710,45.1462
2025-08-28,93.5705,-1.9120,-6.8120,5.7505,0.0353,-19.7751,32.0551
2025-08-29,96.0784,2.6803,-3.4372,4.7461,0.0311,-2.5578,31.5001
2025-09-01,94.7104,-1.4238,-5.2464,3.2258,0.0273,-32.0673,31.1389
2025-09-02,93.6161,-1.1555,-4.6004,3.8967,0.0307,-2.6603,31.1312
2025-09-03,93.0233,-0.6332,-2.4857,3.4804,0.0200,-37.3292,31.0641
2025-09-04,92.9777,-0.0490,-0.6335,2.5993,0.0228,-35.2364,31.0493
2025-09-05,96.1696,3.4331,0.0949,3.9355,0.0324,3.6199,33.9556
2025-09-08,96.2608,0.0948,1.6370,2.2738,0.0282,5.1046,33.6492
2025-09-09,93.5705,-2.7949,-0.0487,3.9961,0.0201,-33.7052,33.4122
2025-09-10,93.2513,-0.3411,0.2451,2.1516,0.0163,-18.5776,33.2667
2025-09-11,92.5217,-0.7824,-0.4904,3.1543,0.0300,27.7907,30.5958
2025-09-12,91.9745,-0.5914,-4.3623,2.7268,0.0223,-33.5557,29.5261
2025-09-15,91.3361,-0.6941,-5.1161,1.2481,0.0102,-65.6638,27.3989
2025-09-16,90.2417,-1.1982,-3.5575,2.2233,0.0163,-20.8295,24.4133
2025-09-17,90.1049,-0.1516,-3.3741,1.6700,0.0152,-8.9383,24.2338
2025-09-18,90.2873,0.2024,-2.4150,2.6263,0.0192,-35.3763,24.1638
2025-09-19,87.5057,-3.0808,-4.8587,3.5435,0.0211,-7.4521,25.8030
2025-09-22,85.2713,-2.5534,-6.6400,4.0642,0.0202,89.9252,26.3312
2025-09-23,82.9457,-2.7273,-8.0849,4.6179,0.0236,32.9656,26.9935

---

Sample ID: bj430047_2024-01-02
Stock: bj430047
As-of date: 2024-01-02
Historical features:
date,close_idx,ret_1d_pct,ret_5d_pct,range_pct,turnover,money_chg_5d_pct,vol_20d_pct
2023-11-21,100.0000,4.7844,15.7208,17.6437,0.0461,191.3886,76.6632
2023-11-22,102.9312,2.9312,12.0933,9.2004,0.0399,160.3911,76.1093
2023-11-23,102.3112,-0.6024,13.7931,8.9807,0.0359,296.1832,63.8581
2023-11-24,104.9605,2.5895,16.7398,4.1890,0.0271,159.1976,62.8673
2023-11-27,110.9357,5.6928,16.2434,8.3333,0.0788,244.1579,64.5194
2023-11-28,105.1297,-5.2337,5.1297,7.3458,0.0400,-9.6604,67.7083
2023-11-29,95.5468,-9.1153,-7.1742,15.0442,0.0425,4.3911,76.1534
2023-11-30,101.2965,6.0177,-0.9917,8.6255,0.0291,-22.3163,77.1130
2023-12-01,99.0417,-2.2259,-5.6391,6.3176,0.0142,-49.7319,77.6826
2023-12-04,98.6471,-0.3984,-11.0772,5.8286,0.0188,-78.7577,70.4366
2023-12-05,102.4239,3.8286,-2.5737,5.7788,0.0254,-39.5132,71.1195
2023-12-06,100.4510,-1.9263,5.1327,6.6218,0.0198,-52.7836,70.9639
2023-12-07,99.4927,-0.9540,-1.7807,6.7422,0.0205,-27.7734,69.0708
2023-12-08,96.6742,-2.8329,-2.3904,4.0233,0.0147,0.8252,70.0416
2023-12-11,92.6156,-4.1983,-6.1143,9.8600,0.0238,19.8037,67.8744
2023-12-12,94.0812,1.5825,-8.1453,3.8346,0.0145,-47.2674,67.7680
2023-12-13,95.3777,1.3781,-5.0505,3.4279,0.0126,-39.7370,64.4065
2023-12-14,96.5051,1.1820,-3.0028,3.3294,0.0178,-15.1648,63.8636
2023-12-15,92.8410,-3.7967,-3.9650,6.9217,0.0216,37.2184,65.6027
2023-12-18,93.4611,0.6679,0.9130,4.2220,0.0096,-59.4204,61.8406
2023-12-19,91.7136,-1.8697,-2.5165,5.2858,0.0134,-10.1428,59.4315
2023-12-20,90.7554,-1.0449,-4.8463,5.2795,0.0099,-24.9377,58.1699
2023-12-21,86.7531,-4.4099,-10.1051,5.9779,0.0136,-30.3926,59.7527
2023-12-22,84.2728,-2.8590,-9.2289,5.9532,0.0112,-51.2015,58.8327
2023-12-25,86.7531,2.9431,-7.1773,2.9240,0.0073,-29.4895,55.3761
2023-12-26,87.2041,0.5198,-4.9170,5.4945,0.0103,-26.6136,53.5011
2023-12-27,85.5130,-1.9392,-5.7764,4.4825,0.0105,-0.7181,44.0767
2023-12-28,86.5276,1.1866,-0.2599,4.1042,0.0066,-52.9378,37.4090
2023-12-29,95.3213,10.1629,13.1104,11.2360,0.0257,147.2989,53.3949
2024-01-02,102.4803,7.5103,18.1287,10.6711,0.0391,536.9245,59.8722

---

Sample ID: bj430047_2025-09-23
Stock: bj430047
As-of date: 2025-09-23
Historical features:
date,close_idx,ret_1d_pct,ret_5d_pct,range_pct,turnover,money_chg_5d_pct,vol_20d_pct
2025-08-13,100.0000,2.3276,-3.1185,3.2618,0.0283,-48.4444,60.7808
2025-08-14,99.0558,-0.9442,-1.7036,4.0728,0.0268,-9.7474,60.4829
2025-08-15,100.3004,1.2565,-1.2257,3.8511,0.0248,-1.1074,60.3704
2025-08-18,109.4421,9.1142,7.8224,10.2353,0.0570,181.6931,67.7307
2025-08-19,122.0601,11.5294,24.9012,22.6090,0.1176,401.6356,74.0685
2025-08-20,120.8155,-1.0197,20.8155,10.0888,0.0768,234.4486,74.5457
2025-08-21,125.1073,3.5524,26.2998,7.3070,0.0569,164.3328,74.7140
2025-08-22,121.1588,-3.1561,20.7959,7.6869,0.0485,141.8146,76.0211
2025-08-25,119.7425,-1.1690,9.4118,4.1935,0.0388,-22.8539,76.3865
2025-08-26,115.0215,-3.9427,-5.7665,6.0448,0.0437,-65.4450,68.5622
2025-08-27,114.9785,-0.0373,-4.8313,3.3595,0.0297,-63.3473,67.0888
2025-08-28,111.5880,-2.9489,-10.8062,6.1154,0.0390,-39.1512,67.7766
2025-08-29,115.7940,3.7692,-4.4279,4.8925,0.0332,-36.4198,65.7842
2025-09-01,115.4506,-0.2965,-3.5842,6.2454,0.0374,-6.9917,64.0556
2025-09-02,111.4592,-3.4572,-3.0970,4.2742,0.0294,-35.2422,65.3697
2025-09-03,113.5193,1.8483,-1.2691,4.1966,0.0277,-8.0284,64.8122
2025-09-04,116.9957,3.0624,4.8462,7.6669,0.0536,45.9282,64.4302
2025-09-05,121.6738,3.9985,5.0778,5.8201,0.0451,41.4236,65.4056
2025-09-08,119.8283,-1.5168,3.7918,5.0143,0.0324,-10.2788,65.9205
2025-09-09,116.6953,-2.6146,4.6977,5.3696,0.0304,8.1113,64.9997
2025-09-10,113.7339,-2.5377,0.1890,3.1698,0.0206,-25.2060,65.9372
2025-09-11,113.5193,-0.1887,-2.9714,4.4612,0.0283,-50.4497,65.7378
2025-09-12,111.3734,-1.8904,-8.4656,3.9692,0.0233,-51.4045,66.3701
2025-09-15,113.2618,1.6956,-5.4799,2.8420,0.0163,-53.0277,58.5141
2025-09-16,110.8155,-2.1599,-5.0386,2.9822,0.0177,-45.2584,41.0298
2025-09-17,110.1288,-0.6197,-3.1698,2.6500,0.0184,-14.5351,40.9807
2025-09-18,108.2833,-1.6758,-4.6125,3.3294,0.0194,-32.0803,38.3597
2025-09-19,105.4936,-2.5763,-5.2794,3.2954,0.0157,-35.3308,37.9184
2025-09-22,108.4120,2.7665,-4.2819,3.8797,0.0156,-8.5796,39.7507
2025-09-23,102.9614,-5.0277,-7.0875,7.9617,0.0264,39.9654,41.1706

---

Sample ID: bj430090_2024-01-02
Stock: bj430090
As-of date: 2024-01-02
Historical features:
date,close_idx,ret_1d_pct,ret_5d_pct,range_pct,turnover,money_chg_5d_pct,vol_20d_pct
2023-11-21,100.0000,29.2776,36.5462,22.9412,0.2024,1910.3437,106.0974
2023-11-22,114.1176,14.1176,54.5817,28.0928,0.2279,3489.2312,114.2204
2023-11-23,102.6471,-10.0515,39.6000,22.6361,0.1956,4117.4920,122.9093
2023-11-24,111.4706,8.5960,52.2088,14.7757,0.1599,7111.0707,124.5979
2023-11-27,140.0000,25.5937,80.9886,22.4790,0.2687,1756.7619,148.5599
2023-11-28,132.9412,-5.0420,32.9412,19.6903,0.2273,66.3854,150.6971
2023-11-29,117.3529,-11.7257,2.8351,21.0526,0.1631,-13.7444,159.8854
2023-11-30,117.6471,0.2506,14.6132,8.0000,0.0789,-57.8165,159.5636
2023-12-01,112.9412,-4.0000,1.3193,8.5938,0.0683,-55.5401,161.5057
2023-12-04,111.4706,-1.3021,-20.3782,7.1240,0.0529,-83.1091,162.0579
2023-12-05,120.5882,8.1794,-9.2920,10.0000,0.1236,-54.0036,162.7525
2023-12-06,115.8824,-3.9024,-1.2531,6.8528,0.0835,-52.4233,164.4433
2023-12-07,131.7647,13.7056,12.0000,18.9732,0.2134,202.9227,167.9659
2023-12-08,129.7059,-1.5625,14.8438,7.7098,0.1316,118.9849,167.9374
2023-12-11,140.0000,7.9365,25.5937,18.4874,0.1978,375.7682,168.3032
2023-12-12,146.7647,4.8319,21.7073,14.8297,0.1933,94.0264,168.2442
2023-12-13,172.0588,17.2345,48.4772,20.0000,0.2565,305.4450,174.0776
2023-12-14,164.7059,-4.2735,25.0000,15.1786,0.2133,34.3240,176.1577
2023-12-15,168.8235,2.5000,30.1587,8.3624,0.1174,14.8277,175.3530
2023-12-18,172.3529,2.0906,23.1092,6.3140,0.0872,-46.0661,175.5811
2023-12-19,166.7647,-3.2423,13.6273,8.2892,0.0841,-50.2962,151.2802
2023-12-20,173.8235,4.2328,1.0256,10.3215,0.1438,-37.3421,145.6051
2023-12-21,141.7647,-18.4433,-13.9286,25.5187,0.1667,-28.2134,157.7425
2023-12-22,141.7647,0.0000,-16.0279,8.5062,0.0911,-33.9286,155.9763
2023-12-25,150.0000,5.8091,-12.9693,7.6471,0.1163,13.3415,129.2143
2023-12-26,156.4706,4.3137,-6.1728,6.9549,0.1359,48.3316,127.9967
2023-12-27,161.1765,3.0075,-7.2758,10.9489,0.1445,-7.7525,118.7154
2023-12-28,163.8235,1.6423,15.5602,14.0036,0.1699,4.4747,118.5666
2023-12-29,187.6471,14.5422,32.3651,19.7492,0.2621,268.5921,124.3764
2024-01-02,194.4118,3.6050,29.6078,11.6490,0.2452,176.2393,123.4118

---

Sample ID: bj430090_2025-09-23
Stock: bj430090
As-of date: 2025-09-23
Historical features:
date,close_idx,ret_1d_pct,ret_5d_pct,range_pct,turnover,money_chg_5d_pct,vol_20d_pct
2025-08-13,100.0000,-0.8909,-0.3359,4.0449,0.1027,60.2831,34.3912
2025-08-14,96.1798,-3.8202,-4.8889,5.0234,0.0931,27.3812,35.8795
2025-08-15,103.1461,7.2430,4.5558,8.9325,0.1874,123.5089,43.3271
2025-08-18,115.7303,12.2004,14.5717,17.1845,0.3259,288.3787,60.0053
2025-08-19,110.6742,-4.3689,9.6882,6.9036,0.2323,291.8551,61.1682
2025-08-20,111.4607,0.7107,11.4607,4.3347,0.1417,50.6818,60.8709
2025-08-21,111.4607,0.0000,15.8879,5.9476,0.1765,118.1578,60.8218
2025-08-22,108.7640,-2.4194,5.4466,3.8223,0.1191,-31.4707,61.4715
2025-08-25,109.3258,0.5165,-5.5340,4.0082,0.1213,-63.9057,61.1425
2025-08-26,106.4045,-2.6721,-3.8579,3.2735,0.1017,-58.1866,61.8012
2025-08-27,102.5843,-3.5903,-7.9637,4.6002,0.0991,-33.0815,62.4294
2025-08-28,103.2584,0.6572,-7.3589,5.1143,0.0851,-56.6471,62.4160
2025-08-29,104.1573,0.8705,-4.2355,4.7465,0.0838,-33.1108,62.0116
2025-09-01,102.4719,-1.6181,-6.2693,2.9605,0.0694,-46.1300,62.1496
2025-09-02,103.2584,0.7675,-2.9567,3.9173,0.0872,-19.0578,60.9012
2025-09-03,99.4382,-3.6997,-3.0668,6.1017,0.0684,-33.2518,62.3213
2025-09-04,100.5618,1.1299,-2.6115,3.0168,0.0740,-14.1249,62.3893
2025-09-05,102.9213,2.3464,-1.1866,2.1834,0.0658,-22.9558,62.1736
2025-09-08,103.9326,0.9825,1.4254,4.7568,0.1059,51.8033,61.7391
2025-09-09,101.1236,-2.7027,-2.0675,4.3333,0.0833,-3.8457,62.5981
2025-09-10,100.0000,-1.1111,0.5650,3.7079,0.0589,-13.5133,62.6484
2025-09-11,100.3371,0.3371,-0.2235,3.4714,0.0794,5.8195,60.9382
2025-09-12,100.2247,-0.1120,-2.6201,2.3543,0.0607,-9.2104,55.1034
2025-09-15,99.8876,-0.3363,-3.8919,3.7120,0.0634,-40.8005,30.4943
2025-09-16,100.3371,0.4499,-0.7778,1.5677,0.0488,-42.8459,27.4864
2025-09-17,108.0899,7.7268,8.0899,10.8108,0.2371,321.2861,39.9544
2025-09-18,103.5955,-4.1580,3.2475,6.1822,0.1675,123.2638,42.4327
2025-09-19,98.8764,-4.5553,-1.3453,4.6591,0.0909,49.5482,44.4556
2025-09-22,96.9663,-1.9318,-2.9246,3.9397,0.0571,-12.6842,44.6071
2025-09-23,89.6629,-7.5319,-10.6383,10.7769,0.1133,111.3733,50.5917

---

Sample ID: bj430139_2024-01-02
Stock: bj430139
As-of date: 2024-01-02
Historical features:
date,close_idx,ret_1d_pct,ret_5d_pct,range_pct,turnover,money_chg_5d_pct,vol_20d_pct
2023-11-21,100.0000,3.5492,3.9181,8.9974,0.0317,648.1942,32.4934
2023-11-22,111.4824,11.4824,15.1327,9.3774,0.0594,864.0184,49.5912
2023-11-23,107.7978,-3.3051,14.5719,10.4928,0.0531,1502.1054,52.2121
2023-11-24,114.3102,6.0413,21.2727,8.2459,0.0480,4986.5972,54.5929
2023-11-27,132.2194,15.6672,36.9122,12.1192,0.1034,2701.9968,74.5132
2023-11-28,121.7652,-7.9067,21.7652,8.7966,0.0677,163.0253,81.0042
2023-11-29,114.6530,-5.8410,2.8440,12.1076,0.0511,-4.1214,85.2806
2023-11-30,112.5107,-1.8685,4.3720,6.9307,0.0264,-49.4909,85.3897
2023-12-01,111.7395,-0.6855,-2.2489,5.2147,0.0216,-54.7051,85.7206
2023-12-04,109.6829,-1.8405,-17.0447,6.8750,0.0158,-86.5962,85.3588
2023-12-05,117.0523,6.7188,-3.8705,8.2723,0.0355,-52.3345,87.6683
2023-12-06,113.9674,-2.6354,-0.5979,5.4135,0.0199,-62.2918,88.3053
2023-12-07,117.7378,3.3083,4.6458,4.8035,0.0252,-1.0261,88.5847
2023-12-08,121.5938,3.2751,8.8190,7.8929,0.0367,82.1365,88.6904
2023-12-11,115.2528,-5.2149,5.0781,9.0706,0.0237,60.1950,91.6675
2023-12-12,117.3950,1.8587,0.2928,4.0876,0.0149,-57.6892,91.6750
2023-12-13,120.3085,2.4818,5.5639,5.8405,0.0345,78.5149,91.7702
2023-12-14,119.7087,-0.4986,1.6739,5.7981,0.0374,54.6226,90.7638
2023-12-15,118.5947,-0.9306,-2.4665,3.2514,0.0182,-51.7702,91.0411
2023-12-18,121.2511,2.2399,5.2045,3.4629,0.0216,-6.4558,91.0083
2023-12-19,125.5356,3.5336,6.9343,7.0990,0.0526,283.4597,91.0032
2023-12-20,127.0780,1.2287,5.6268,4.1807,0.0338,3.4701,82.6749
2023-12-21,114.5673,-9.8449,-4.2949,18.9230,0.0439,17.0247,89.9051
2023-12-22,114.1388,-0.3740,-3.7572,6.4565,0.0219,15.7939,87.4685
2023-12-25,118.1662,3.5285,-2.5442,4.3510,0.0179,-19.9437,67.1237
2023-12-26,120.9083,2.3205,-3.6860,5.8824,0.0283,-48.6402,61.7001
2023-12-27,127.3350,5.3154,0.2023,12.6514,0.0607,80.6102,60.2939
2023-12-28,128.4490,0.8748,12.1167,7.2715,0.0562,32.2747,59.5890
2023-12-29,133.8475,4.2028,17.2673,8.0666,0.0517,175.3776,60.5641
2024-01-02,135.8183,1.4725,14.9384,4.6057,0.0484,214.0610,59.6545

---

Sample ID: bj430139_2025-09-23
Stock: bj430139
As-of date: 2025-09-23
Historical features:
date,close_idx,ret_1d_pct,ret_5d_pct,range_pct,turnover,money_chg_5d_pct,vol_20d_pct
2025-08-13,100.0000,-0.1944,0.4697,3.5450,0.0311,61.1823,31.3486
2025-08-14,101.6751,1.6751,-0.3817,7.7011,0.0689,12.3404,31.8426
2025-08-15,103.6619,1.9540,5.6372,6.0879,0.0487,39.6764,32.2026
2025-08-18,110.1286,6.2383,12.1825,6.8624,0.0719,283.7101,38.3236
2025-08-19,106.5446,-3.2543,6.3375,5.1554,0.0569,55.1288,40.5851
2025-08-20,113.6735,6.6910,13.6735,9.8355,0.0742,161.6395,45.6851
2025-08-21,109.6221,-3.5641,7.8161,5.2950,0.0483,-25.2101,47.4629
2025-08-22,111.9984,2.1677,8.0421,5.8783,0.0843,91.3747,45.7936
2025-08-25,109.3884,-2.3304,-0.6721,8.3333,0.0684,-1.4249,45.5611
2025-08-26,106.0382,-3.0627,-0.4753,2.9023,0.0478,-17.4491,47.1918
2025-08-27,104.0125,-1.9104,-8.4990,5.9176,0.0468,-38.6249,46.4821
2025-08-28,106.7004,2.5843,-2.6652,3.9430,0.0366,-27.9404,47.1196
2025-08-29,101.8699,-4.5272,-9.0435,4.4742,0.0399,-56.9240,50.2767
2025-09-01,103.0775,1.1855,-5.7692,4.0438,0.0265,-64.0270,50.3628
2025-09-02,100.8960,-2.1164,-4.8494,4.0154,0.0292,-42.4453,50.9464
2025-09-03,100.3506,-0.5405,-3.5206,4.9301,0.0268,-45.3414,50.9319
2025-09-04,99.4157,-0.9317,-6.8273,3.8009,0.0237,-38.6395,50.1992
2025-09-05,102.4542,3.0564,0.5736,3.4981,0.0285,-29.8007,49.3007
2025-09-08,102.8438,0.3802,-0.2268,1.9318,0.0239,-11.1636,49.2952
2025-09-09,98.5586,-4.1667,-2.3166,4.3478,0.0243,-17.5832,51.2254
2025-09-10,98.5586,0.0000,-1.7857,1.9368,0.0136,-50.4285,51.2220
2025-09-11,100.9349,2.4111,1.5282,4.8630,0.0275,17.0434,51.6108
2025-09-12,100.9739,0.0386,-1.4449,3.7809,0.0310,7.7663,51.1008
2025-09-15,103.1944,2.1991,0.3409,11.2495,0.0600,165.3243,46.2560
2025-09-16,102.2205,-0.9438,3.7154,4.2683,0.0353,48.2094,44.9985
2025-09-17,102.7659,0.5335,4.2688,5.1175,0.0308,135.0926,37.1766
2025-09-18,101.5193,-1.2130,0.5789,4.8734,0.0370,38.1959,35.4854
2025-09-19,100.4675,-1.0361,-0.5015,3.2571,0.0239,-22.7121,34.2605
2025-09-22,100.5064,0.0388,-2.6048,3.0233,0.0215,-66.6155,33.6259
2025-09-23,97.4679,-3.0233,-4.6494,6.6347,0.0275,-25.4027,33.5848

---

Sample ID: bj430198_2024-01-02
Stock: bj430198
As-of date: 2024-01-02
Historical features:
date,close_idx,ret_1d_pct,ret_5d_pct,range_pct,turnover,money_chg_5d_pct,vol_20d_pct
2023-11-14,100.0000,0.0000,2.5641,1.2500,0.0010,11.8510,20.2879
2023-11-15,101.5000,1.5000,2.0101,2.4631,0.0023,-24.4951,19.9889
2023-11-16,100.0000,-1.4778,0.5025,2.5000,0.0013,39.4486,20.7406
2023-11-17,99.7500,-0.2500,-0.4988,1.0025,0.0004,-60.8574,20.6709
2023-11-20,104.2500,4.5113,4.2500,4.7962,0.0048,164.3536,21.1487
2023-11-21,111.0000,6.4748,11.0000,13.0631,0.0354,3958.8178,29.4739
2023-11-22,125.5000,13.0631,23.6453,14.3426,0.0623,3099.5370,52.5039
2023-11-23,120.5000,-3.9841,20.5000,14.5228,0.0683,6583.2036,55.8095
2023-11-24,134.7500,11.8257,35.0877,14.6568,0.0859,29491.1849,67.2726
2023-11-27,158.7500,17.8108,52.2782,16.5354,0.1567,4585.8713,87.5791
2023-11-28,151.7500,-4.4094,36.7117,12.5206,0.1099,323.5964,90.4964
2023-11-29,130.0000,-14.3328,3.5857,22.1154,0.0938,74.1568,107.8592
2023-11-30,133.2500,2.5000,10.5809,11.0694,0.0509,-21.8278,107.7728
2023-12-01,126.2500,-5.2533,-6.3080,9.1089,0.0363,-57.3205,110.7081
2023-12-11,164.0000,29.9010,3.3071,0.0000,0.0151,-89.4185,149.4440
2023-12-12,213.0000,29.8780,40.3624,1.0563,0.1816,129.0322,176.6533
2023-12-13,276.7500,29.9296,112.8846,17.3442,0.3644,614.9409,197.9310
2023-12-14,303.7500,9.7561,127.9550,30.0412,0.4164,1780.2535,197.0954
2023-12-15,322.5000,6.1728,155.4455,14.2636,0.3277,2094.2428,195.9728
2023-12-18,320.0000,-0.7752,95.1220,8.8281,0.2671,3258.5925,196.2277
2023-12-19,343.7500,7.4219,61.3850,17.3091,0.3262,181.2131,194.6580
2023-12-20,332.0000,-3.4182,19.9639,7.6054,0.2394,-15.1380,197.2708
2023-12-21,274.7500,-17.2440,-9.5473,34.2129,0.2831,-34.2039,213.2979
2023-12-22,267.0000,-2.8207,-17.2093,10.0187,0.2149,-45.1397,214.4855
2023-12-25,275.0000,2.9963,-14.0625,8.3636,0.1877,-39.0654,214.6783
2023-12-26,281.2500,2.2727,-18.1818,6.7556,0.2034,-48.1519,215.0144
2023-12-27,268.2500,-4.6222,-19.2018,9.8788,0.1578,-45.9768,215.9961
2023-12-28,260.5000,-2.8891,-5.1865,5.6622,0.1368,-56.7983,215.4478
2023-12-29,285.7500,9.6929,7.0225,16.4479,0.2649,31.4336,214.6484
2024-01-02,295.0000,3.2371,7.2727,14.3220,0.2435,41.1607,208.9352

---

Sample ID: bj430198_2025-09-23
Stock: bj430198
As-of date: 2025-09-23
Historical features:
date,close_idx,ret_1d_pct,ret_5d_pct,range_pct,turnover,money_chg_5d_pct,vol_20d_pct
2025-08-13,100.0000,-1.7383,-2.0073,2.9795,0.0460,22.6821,55.9560
2025-08-14,97.5791,-2.4209,-6.1773,3.3397,0.0527,-5.5841,55.9533
2025-08-15,100.9311,3.4351,-1.0949,4.9815,0.0533,13.4351,58.2899
2025-08-18,105.1210,4.1513,3.5780,4.0744,0.0865,129.3732,60.5841
2025-08-19,105.2142,0.0886,3.3852,3.5398,0.0892,249.0028,60.5002
2025-08-20,105.6797,0.4425,5.6797,3.2599,0.0520,17.0643,60.5253
2025-08-21,105.0279,-0.6167,7.6336,3.5461,0.0595,21.9217,60.5009
2025-08-22,113.1285,7.7128,12.0849,12.4280,0.1907,310.9292,67.4763
2025-08-25,112.1043,-0.9053,6.6430,3.4053,0.1246,52.6743,43.6250
2025-08-26,109.4972,-2.3256,4.0708,2.7211,0.0757,-13.1934,42.5716
2025-08-27,105.7728,-3.4014,0.0881,4.5775,0.0598,18.1533,44.3407
2025-08-28,106.6108,0.7923,1.5071,5.2402,0.0585,-2.7016,42.3171
2025-08-29,104.2831,-2.1834,-7.8189,3.4821,0.0460,-77.5289,41.9142
2025-09-01,107.2626,2.8571,-4.3189,3.2118,0.0485,-62.5528,43.0056
2025-09-02,108.9385,1.5625,-0.5102,4.7863,0.0674,-12.0567,42.5695
2025-09-03,106.1453,-2.5641,0.3521,4.8246,0.0536,-10.1100,43.8323
2025-09-04,108.1937,1.9298,1.4847,4.0448,0.0693,21.7830,43.8394
2025-09-05,112.1043,3.6145,7.5000,4.1528,0.0944,114.7895,44.6573
2025-09-08,111.3594,-0.6645,3.8194,5.7692,0.0993,119.6453,44.6959
2025-09-09,108.8454,-2.2575,-0.0855,4.5338,0.0625,-5.7358,45.7580
2025-09-10,107.9143,-0.8554,1.6667,2.9336,0.0374,-29.8772,45.3223
2025-09-11,109.4972,1.4668,1.2048,1.8707,0.0385,-44.0852,44.1772
2025-09-12,107.8212,-1.5306,-3.8206,2.5907,0.0359,-62.6442,43.4823
2025-09-15,106.0521,-1.6408,-4.7659,2.9851,0.0351,-66.7576,41.6147
2025-09-16,106.1453,0.0878,-2.4808,1.5789,0.0286,-55.5580,41.6147
2025-09-17,105.1210,-0.9649,-2.5884,2.2143,0.0402,4.4596,41.7500
2025-09-18,104.2831,-0.7972,-4.7619,4.4643,0.0538,35.8550,41.7905
2025-09-19,101.8622,-2.3214,-5.5268,3.1079,0.0457,20.3672,31.0045
2025-09-22,99.8138,-2.0110,-5.8824,3.2649,0.0394,4.9871,31.4392
2025-09-23,96.3687,-3.4515,-9.2105,6.8599,0.0492,55.3167,32.5133

---

Sample ID: bj430300_2024-01-02
Stock: bj430300
As-of date: 2024-01-02
Historical features:
date,close_idx,ret_1d_pct,ret_5d_pct,range_pct,turnover,money_chg_5d_pct,vol_20d_pct
2023-11-21,100.0000,4.5699,5.7065,10.9254,0.0520,197.1573,34.0650
2023-11-22,107.7121,7.7121,14.4809,9.9045,0.0715,955.8889,42.3444
2023-11-23,104.4987,-2.9833,13.5475,15.7442,0.1003,2687.9545,44.6191
2023-11-24,114.6530,9.7171,23.5457,12.6682,0.1223,2336.7979,54.2504
2023-11-27,148.9717,29.9327,55.7796,22.9508,0.2996,3510.2946,115.8228
2023-11-28,131.3625,-11.8205,31.3625,16.4384,0.2137,449.0095,124.0223
2023-11-29,116.9666,-10.9589,8.5919,16.8132,0.1257,109.0957,132.3833
2023-11-30,114.3959,-2.1978,9.4711,7.7528,0.0811,-16.0992,132.9753
2023-12-01,107.8406,-5.7303,-5.9417,8.7008,0.0627,-47.8265,135.3711
2023-12-04,110.5398,2.5030,-25.7981,8.0233,0.0558,-84.6391,135.3718
2023-12-05,118.2519,6.9767,-9.9804,11.7391,0.0894,-64.3809,136.6059
2023-12-06,121.4653,2.7174,3.8462,9.3122,0.0996,-21.7996,136.6271
2023-12-07,127.1208,4.6561,11.1236,11.9312,0.1041,41.8668,136.7711
2023-12-08,126.3496,-0.6067,17.1633,7.7314,0.0737,35.6040,136.8158
2023-12-11,123.7789,-2.0346,11.9767,8.7227,0.0633,28.1079,137.4875
2023-12-12,135.9897,9.8650,15.0000,15.9735,0.1124,47.5211,140.2723
2023-12-13,136.7609,0.5671,12.5926,7.8947,0.0963,7.6160,140.0422
2023-12-14,136.2468,-0.3759,7.1790,6.8868,0.0913,-5.5392,139.4314
2023-12-15,132.9049,-2.4528,5.1882,6.5764,0.0454,-36.1283,140.3813
2023-12-18,149.3573,12.3791,20.6646,18.3305,0.1347,147.2357,145.0000
2023-12-19,164.2674,9.9828,20.7940,11.7371,0.1533,56.0531,147.2206
2023-12-20,193.3162,17.6839,41.3534,26.3963,0.2318,210.4988,155.5689
2023-12-21,167.8663,-13.1649,23.2075,21.4395,0.1940,183.6002,165.0134
2023-12-22,190.6170,13.5528,43.4236,15.6440,0.1674,395.6141,167.6612
2023-12-25,209.5116,9.9123,40.2754,15.3374,0.2154,126.0068,137.4649
2023-12-26,203.3419,-2.9448,23.7872,8.5335,0.1601,34.0155,128.9115
2023-12-27,185.9897,-8.5335,-3.7899,9.5370,0.1433,-34.8692,125.7988
2023-12-28,181.6195,-2.3497,8.1930,7.3602,0.1003,-48.2022,125.8774
2023-12-29,197.6864,8.8464,3.7087,8.6476,0.1387,-10.5775,123.6513
2024-01-02,211.8252,7.1521,1.1043,15.0485,0.1924,-10.2091,124.3239

---

Sample ID: bj430300_2025-09-23
Stock: bj430300
As-of date: 2025-09-23
Historical features:
date,close_idx,ret_1d_pct,ret_5d_pct,range_pct,turnover,money_chg_5d_pct,vol_20d_pct
2025-08-13,100.0000,-1.3598,-2.1910,2.5847,0.0564,77.9937,20.5230
2025-08-14,97.1855,-2.8145,-6.3123,3.8416,0.0496,-22.1311,22.3606
2025-08-15,98.5066,1.3593,-5.0388,2.5073,0.0387,-71.2198,22.7267
2025-08-18,101.8955,3.4402,0.0000,4.3405,0.0721,-13.7993,24.6347
2025-08-19,103.2740,1.3529,1.8697,5.4505,0.1126,100.3910,25.1138
2025-08-20,103.6186,0.3337,3.6186,4.7672,0.0583,6.2856,25.1159
2025-08-21,101.7806,-1.7738,4.7281,3.8375,0.0526,10.9475,25.5192
2025-08-22,100.6893,-1.0722,2.2157,4.1072,0.0455,20.5501,25.5812
2025-08-25,100.8041,0.1141,-1.0710,2.3932,0.0453,-37.5171,25.4683
2025-08-26,100.0574,-0.7407,-3.1146,3.0425,0.0329,-72.1638,24.7036
2025-08-27,98.3917,-1.6648,-5.0443,3.2107,0.0415,-31.5154,25.0375
2025-08-28,97.8748,-0.5254,-3.8375,3.9906,0.0332,-40.1838,24.3304
2025-08-29,97.3578,-0.5282,-3.3086,2.4189,0.0328,-29.6325,23.0448
2025-09-01,98.5066,1.1799,-2.2792,2.2157,0.0328,-29.7073,23.5474
2025-09-02,99.9426,1.4577,-0.1148,2.7586,0.0494,47.4309,23.7689
2025-09-03,98.5640,-1.3793,0.1751,4.8368,0.0349,-15.3780,24.1403
2025-09-04,100.1723,1.6317,2.3474,2.9817,0.0510,57.6932,24.3008
2025-09-05,103.1591,2.9817,5.9587,2.6169,0.0717,127.0625,26.7483
2025-09-08,107.4670,4.1759,9.0962,5.6654,0.1246,314.8101,29.7309
2025-09-09,103.3314,-3.8482,3.3908,7.2262,0.0701,48.6764,33.0848
2025-09-10,100.2298,-3.0017,1.6900,3.6103,0.0461,33.8024,34.5376
2025-09-11,100.6318,0.4011,0.4587,2.5685,0.0334,-34.7772,32.8659
2025-09-12,99.3107,-1.3128,-3.7305,2.9497,0.0328,-55.1995,32.9786
2025-09-15,99.4256,0.1157,-7.4826,2.9463,0.0331,-75.2076,30.4770
2025-09-16,98.3343,-1.0976,-4.8360,1.8692,0.0373,-49.6589,30.1618
2025-09-17,97.9322,-0.4089,-2.2923,1.5836,0.0297,-37.4365,30.0936
2025-09-18,97.8748,-0.0587,-2.7397,3.7559,0.0507,50.7165,29.5641
2025-09-19,96.9558,-0.9390,-2.3713,2.6659,0.0321,-4.9846,29.5144
2025-09-22,94.6582,-2.3697,-4.7949,3.8228,0.0270,-21.6390,30.4952
2025-09-23,94.3711,-0.3034,-4.0304,3.7736,0.0366,-7.4589,30.4502

---

Sample ID: bj430418_2024-01-02
Stock: bj430418
As-of date: 2024-01-02
Historical features:
date,close_idx,ret_1d_pct,ret_5d_pct,range_pct,turnover,money_chg_5d_pct,vol_20d_pct
2023-11-21,100.0000,2.1011,7.9880,13.5150,0.0726,719.2104,57.6534
2023-11-22,106.7853,6.7853,16.3636,9.5833,0.0775,631.7618,58.6399
2023-11-23,102.7809,-3.7500,15.0685,13.5281,0.1007,734.0870,60.6800
2023-11-24,117.7976,14.6104,30.6601,15.6280,0.1437,1038.3680,74.7323
2023-11-27,133.4260,13.2672,36.2294,15.6315,0.1678,412.7186,84.0870
2023-11-28,143.0478,7.2113,43.0478,26.0886,0.1768,221.6149,83.6684
2023-11-29,135.2614,-5.4432,26.6667,14.6382,0.1243,116.7916,88.1847
2023-11-30,131.5907,-2.7138,28.0303,12.8487,0.1035,31.9966,87.2174
2023-12-01,121.2458,-7.8614,2.9273,11.2385,0.0838,-35.5747,93.8726
2023-12-04,118.9099,-1.9266,-10.8795,11.4593,0.0559,-68.6855,94.1520
2023-12-05,127.3637,7.1094,-10.9642,9.3886,0.0906,-52.8984,95.8491
2023-12-06,127.0857,-0.2183,-6.0444,7.0022,0.0639,-52.6776,95.9450
2023-12-07,129.0323,1.5317,-1.9442,6.8103,0.0532,-51.9155,94.7474
2023-12-08,127.8087,-0.9483,5.4128,5.5701,0.0496,-39.2285,95.2376
2023-12-11,123.6930,-3.2202,4.0225,6.6097,0.0486,-7.9293,96.5224
2023-12-12,126.6407,2.3831,-0.5677,6.0167,0.0470,-49.1247,96.4103
2023-12-13,142.8254,12.7800,12.3851,15.6931,0.1149,93.5201,103.4053
2023-12-14,143.0478,0.1558,10.8621,14.5801,0.1257,167.6397,102.0365
2023-12-15,138.4872,-3.1882,8.3551,7.9518,0.0643,41.2381,103.9451
2023-12-18,147.9422,6.8273,19.6043,10.5263,0.0842,98.4488,102.6880
2023-12-19,149.6107,1.1278,18.1379,6.6914,0.0644,63.4172,102.7679
2023-12-20,152.0022,1.5985,6.4252,3.6590,0.0758,-28.9585,101.3554
2023-12-21,133.4816,-12.1844,-6.6874,24.1667,0.1124,-11.6945,111.5718
2023-12-22,136.5406,2.2917,-1.4056,7.2912,0.0669,-0.9690,100.4536
2023-12-25,146.2736,7.1283,-1.1278,8.0989,0.0707,-18.2442,92.5017
2023-12-26,145.7175,-0.3802,-2.6022,8.5115,0.0620,-5.8446,89.1953
2023-12-27,141.7130,-2.7481,-6.7691,5.5338,0.0465,-42.7864,87.4119
2023-12-28,142.6585,0.6672,6.8750,3.3138,0.0465,-59.4356,86.6467
2023-12-29,146.3293,2.5731,7.1690,4.6370,0.0550,-9.7388,80.9468
2024-01-02,153.2258,4.7130,4.7529,5.8076,0.0739,12.2415,81.1199

---

Sample ID: bj430418_2025-09-23
Stock: bj430418
As-of date: 2025-09-23
Historical features:
date,close_idx,ret_1d_pct,ret_5d_pct,range_pct,turnover,money_chg_5d_pct,vol_20d_pct
2025-08-13,100.0000,0.1024,-4.8361,1.6371,0.0177,-61.0854,33.0927
2025-08-14,97.8513,-2.1487,-5.1257,3.4855,0.0256,3.9389,33.8875
2025-08-15,101.9782,4.2175,1.1844,5.1505,0.0295,52.6306,36.9241
2025-08-18,106.8554,4.7826,6.2754,6.0006,0.0488,189.4270,35.1064
2025-08-19,110.2319,3.1599,10.3448,7.3020,0.0741,407.9170,36.2707
2025-08-20,115.7913,5.0433,15.7913,9.3962,0.0690,348.1793,38.1095
2025-08-21,111.1528,-4.0059,13.5936,5.9834,0.0470,110.7301,41.5444
2025-08-22,110.4707,-0.6137,8.3278,3.9518,0.0378,40.4255,41.5706
2025-08-25,110.6753,0.1852,3.5748,4.0062,0.0379,-17.7331,41.5771
2025-08-26,121.6917,9.9538,10.3960,14.8543,0.1023,47.8342,53.0650
2025-08-27,122.1351,0.3643,5.4786,9.5504,0.0895,39.1436,51.9411
2025-08-28,118.6221,-2.8763,6.7199,9.7470,0.0700,57.7148,53.0182
2025-08-29,116.7121,-1.6101,5.6499,6.0199,0.0489,39.0532,53.8267
2025-09-01,112.8240,-3.3314,1.9414,3.4462,0.0380,1.5659,55.7504
2025-09-02,117.2578,3.9299,-3.6435,11.6638,0.0722,-31.6640,56.9651
2025-09-03,110.8458,-5.4683,-9.2432,7.5692,0.0403,-58.8732,59.9041
2025-09-04,108.6289,-2.0000,-8.4244,4.3956,0.0341,-55.1283,59.9789
2025-09-05,112.0055,3.1083,-4.0327,3.6845,0.0313,-40.2477,59.9222
2025-09-08,114.7681,2.4665,1.7231,5.1114,0.0418,11.7088,60.1919
2025-09-09,109.6521,-4.4577,-6.4863,3.9813,0.0288,-61.5461,62.8122
2025-09-10,108.0150,-1.4930,-2.5538,2.5892,0.0205,-51.1729,63.2136
2025-09-11,108.9700,0.8841,0.3140,2.1283,0.0203,-41.3392,62.4657
2025-09-12,106.9236,-1.8779,-4.5371,2.9665,0.0258,-19.6554,61.5397
2025-09-15,108.1855,1.1802,-5.7355,2.5536,0.0225,-49.1156,59.3547
2025-09-16,111.6644,3.2156,1.8351,4.4594,0.0394,36.5935,59.3928
2025-09-17,110.8799,-0.7025,2.6524,2.4915,0.0316,58.8773,56.5208
2025-09-18,112.8922,1.8148,3.5994,5.8610,0.0557,188.1764,55.0208
2025-09-19,108.6289,-3.7764,1.5949,4.7724,0.0342,34.3617,56.7099
2025-09-22,106.3097,-2.1350,-1.7339,2.6307,0.0219,-4.2431,57.1921
2025-09-23,102.2851,-3.7857,-8.3995,5.7686,0.0292,-31.3955,44.3906

---

Sample ID: bj430425_2024-01-02
Stock: bj430425
As-of date: 2024-01-02
Historical features:
date,close_idx,ret_1d_pct,ret_5d_pct,range_pct,turnover,money_chg_5d_pct,vol_20d_pct
2023-11-21,100.0000,6.9837,12.0623,16.9444,0.1302,481.2267,51.3622
2023-11-22,114.0972,14.0972,28.6609,16.9203,0.1805,724.0453,68.4433
2023-11-23,114.0278,-0.0609,33.0632,15.2862,0.1793,1135.3458,68.3598
2023-11-24,123.9583,8.7089,42.5719,13.9496,0.1742,2624.8385,72.3148
2023-11-27,145.0694,17.0308,55.2006,23.2169,0.2795,914.0009,89.0121
2023-11-28,188.5417,29.9665,88.5417,28.6924,0.5727,663.6805,127.6752
2023-11-29,153.1250,-18.7845,34.2057,24.8980,0.4751,296.4198,151.9803
2023-11-30,138.5417,-9.5238,21.4982,19.0476,0.2751,87.3157,158.0979
2023-12-01,129.7917,-6.3158,4.7059,11.5570,0.1763,11.6363,160.7495
2023-12-04,130.1389,0.2675,-10.2920,10.9925,0.1004,-66.4221,160.8067
2023-12-05,140.8333,8.2177,-25.3039,10.3057,0.1893,-74.1596,161.4481
2023-12-06,134.3750,-4.5858,-12.2449,11.6279,0.1358,-75.7433,163.7311
2023-12-07,149.3056,11.1111,7.7694,17.7209,0.2476,-7.3679,166.0293
2023-12-08,155.0694,3.8605,19.4757,7.4787,0.2189,43.4106,165.1000
2023-12-11,161.8750,4.3887,24.3863,19.7340,0.2403,207.3622,164.9419
2023-12-12,168.2639,3.9468,19.4773,10.3178,0.2102,32.1526,164.9317
2023-12-13,172.9167,2.7652,28.6822,11.4056,0.2228,106.2342,164.1869
2023-12-14,166.6667,-3.6145,11.6279,16.2917,0.2413,18.2531,164.3340
2023-12-15,169.3056,1.5833,9.1805,10.6235,0.1963,-5.4089,164.3103
2023-12-18,176.7361,4.3888,9.1806,8.7230,0.1976,-11.8535,163.7684
2023-12-19,179.3750,1.4931,6.6034,6.2718,0.1717,-12.4177,163.4773
2023-12-20,203.4028,13.3953,17.6305,21.3383,0.3584,86.7375,162.8887
2023-12-21,168.7500,-17.0365,1.2500,26.1317,0.3352,47.4110,178.1222
2023-12-22,179.8611,6.5844,6.2346,10.8108,0.2208,19.1130,177.3077
2023-12-25,215.4861,19.8069,21.9253,16.8224,0.3096,74.8423,180.5779
2023-12-26,213.8889,-0.7412,19.2412,9.8052,0.2795,92.5779,148.9783
2023-12-27,205.2083,-4.0584,0.8877,6.1591,0.1906,-46.0697,131.0532
2023-12-28,197.7083,-3.6548,17.1605,14.0499,0.2023,-34.3542,125.8831
2023-12-29,204.9306,3.6530,13.9382,12.4703,0.2581,38.7829,121.9667
2024-01-02,216.7361,5.7608,0.5801,8.3947,0.2468,-17.2242,122.1388

---

Sample ID: bj430425_2025-09-23
Stock: bj430425
As-of date: 2025-09-23
Historical features:
date,close_idx,ret_1d_pct,ret_5d_pct,range_pct,turnover,money_chg_5d_pct,vol_20d_pct
2025-08-13,100.0000,-1.5152,-4.8007,2.6496,0.0493,-31.5295,35.9162
2025-08-14,96.5812,-3.4188,-8.6130,4.8230,0.0499,-62.0631,37.5810
2025-08-15,100.1709,3.7168,-0.2553,4.9061,0.0570,-47.4936,40.0761
2025-08-18,106.6667,6.4846,5.3165,6.2901,0.0918,97.8541,46.0580
2025-08-19,108.2906,1.5224,6.6498,4.6961,0.1102,87.6138,46.3389
2025-08-20,113.4615,4.7751,13.4615,7.7213,0.1397,212.2726,47.6020
2025-08-21,108.3761,-4.4821,12.2124,4.6136,0.0931,109.4257,50.7039
2025-08-22,107.2650,-1.0252,7.0819,4.2629,0.0643,22.2943,50.6082
2025-08-25,110.7692,3.2669,3.8462,4.7068,0.0891,1.4035,51.8301
2025-08-26,116.6239,5.2855,7.6953,8.3914,0.1275,20.5060,54.2522
2025-08-27,111.6239,-4.2873,-1.6196,8.9587,0.1532,14.8655,55.4402
2025-08-28,112.0085,0.3446,3.3517,5.4559,0.0991,6.5390,52.9705
2025-08-29,112.9915,0.8775,5.3386,5.1059,0.0783,28.2205,52.9603
2025-09-01,112.2222,-0.6808,1.3117,3.5415,0.0540,-37.8772,53.2011
2025-09-02,117.7350,4.9124,0.9527,9.8004,0.1169,-7.6140,55.2290
2025-09-03,111.4103,-5.3721,-0.1914,5.8305,0.0674,-56.5939,57.6735
2025-09-04,118.7607,6.5976,6.0282,9.7877,0.1818,99.2609,61.7909
2025-09-05,128.5470,8.2404,13.7670,11.9348,0.1840,157.2803,63.5977
2025-09-08,122.4359,-4.7540,9.1013,15.5672,0.1615,237.2510,67.1554
2025-09-09,117.3077,-4.1885,-0.3630,3.9709,0.0961,-15.0917,69.6475
2025-09-10,114.4444,-2.4408,2.7234,3.5474,0.0578,-13.6545,70.1341
2025-09-11,115.6410,1.0456,-2.6268,2.4760,0.0573,-69.5043,68.3668
2025-09-12,111.4103,-3.6585,-13.3311,4.2961,0.0653,-67.6972,69.4716
2025-09-15,112.4786,0.9590,-8.1326,2.3176,0.0482,-73.1900,65.9687
2025-09-16,114.7009,1.9757,-2.2222,3.2414,0.0419,-57.8369,66.0953
2025-09-17,114.3162,-0.3353,-0.1120,2.6542,0.0510,-11.7811,64.0347
2025-09-18,112.7350,-1.3832,-2.5129,5.4966,0.0652,13.3831,61.9970
2025-09-19,109.8291,-2.5777,-1.4193,3.0350,0.0425,-36.3224,62.6681
2025-09-22,109.8291,0.0000,-2.3556,3.6576,0.0451,-8.1575,61.6056
2025-09-23,103.2051,-6.0311,-10.0224,7.0807,0.0621,36.2586,61.8922

---

Sample ID: bj430476_2024-01-02
Stock: bj430476
As-of date: 2024-01-02
Historical features:
date,close_idx,ret_1d_pct,ret_5d_pct,range_pct,turnover,money_chg_5d_pct,vol_20d_pct
2023-11-21,100.0000,1.2319,5.1958,11.0236,0.0193,691.7593,38.7237
2023-11-22,104.4381,4.4381,5.7246,10.3496,0.0244,235.9255,39.4834
2023-11-23,98.7115,-5.4832,3.0643,13.1980,0.0322,1025.0870,46.9617
2023-11-24,101.6464,2.9732,3.3479,10.1408,0.0502,981.4983,44.2532
2023-11-27,111.0236,9.2254,12.3913,11.2186,0.1251,1839.5549,52.3493
2023-11-28,103.6507,-6.6409,3.6507,10.7044,0.0695,264.6901,60.1767
2023-11-29,94.4882,-8.8398,-9.5271,14.5455,0.0453,83.2989,68.9426
2023-11-30,91.3386,-3.3333,-7.4692,7.6019,0.0289,-19.1325,70.6208
2023-12-01,89.8354,-1.6458,-11.6197,5.6574,0.0249,-55.9363,71.1335
2023-12-04,88.9048,-1.0359,-19.9226,4.3478,0.0171,-88.7204,71.0521
2023-12-05,95.2040,7.0853,-8.1492,9.1729,0.0375,-51.8222,71.3348
2023-12-06,93.4145,-1.8797,-1.1364,4.8276,0.0206,-57.3000,70.2452
2023-12-07,96.5641,3.3716,5.7210,7.4129,0.0271,-1.6083,70.9282
2023-12-08,97.7094,1.1861,8.7649,4.5421,0.0184,-19.1040,70.9776
2023-12-11,98.2105,0.5128,10.4670,7.7259,0.0229,46.7091,70.9767
2023-12-12,98.4968,0.2915,3.4586,3.9244,0.0148,-59.0670,70.9702
2023-12-13,100.2863,1.8169,7.3563,4.6395,0.0199,3.4391,69.9247
2023-12-14,101.7895,1.4989,5.4114,5.6259,0.0348,35.2891,69.0108
2023-12-15,100.6442,-1.1252,3.0037,3.9118,0.0178,-1.5062,68.6557
2023-12-18,104.5097,3.8407,6.4140,5.4795,0.0317,43.7918,69.8612
2023-12-19,101.7895,-2.6027,3.3430,4.9930,0.0290,100.8098,70.5595
2023-12-20,106.2992,4.4304,5.9957,5.1178,0.0449,128.3781,70.5534
2023-12-21,96.4209,-9.2929,-5.2743,15.5902,0.0399,10.9092,75.7179
2023-12-22,96.8504,0.4454,-3.7696,4.9520,0.0173,-9.2487,74.9253
2023-12-25,100.0716,3.3259,-4.2466,4.5064,0.0206,-38.2707,67.7318
2023-12-26,101.6464,1.5737,-0.1406,5.7042,0.0489,68.4811,63.9090
2023-12-27,102.8633,1.1972,-3.2323,6.9589,0.0398,-11.6849,54.8194
2023-12-28,104.5097,1.6006,8.3890,6.0959,0.0384,-1.0904,53.0321
2023-12-29,108.0172,3.3562,11.5299,5.0364,0.0406,162.1081,53.0326
2024-01-02,110.8805,2.6508,10.8011,4.1317,0.0465,147.6353,52.7882

---

Sample ID: bj430476_2025-09-23
Stock: bj430476
As-of date: 2025-09-23
Historical features:
date,close_idx,ret_1d_pct,ret_5d_pct,range_pct,turnover,money_chg_5d_pct,vol_20d_pct
2025-08-13,100.0000,3.9391,6.9152,9.7524,0.0412,267.8255,34.6930
2025-08-14,108.0849,8.0849,13.5953,9.0697,0.0714,469.2660,42.9230
2025-08-15,140.4750,29.9673,42.1995,21.3669,0.1315,653.9838,110.1360
2025-08-18,182.6175,30.0000,88.2292,13.3924,0.1306,1062.4216,146.8706
2025-08-19,183.0217,0.2214,90.2311,32.4682,0.3383,5917.6285,147.3843
2025-08-20,162.9611,-10.9608,62.9611,14.6977,0.2641,952.7011,155.6842
2025-08-21,149.0147,-8.5581,37.8682,10.4442,0.1913,294.3562,161.3735
2025-08-22,151.8949,1.9329,8.1295,5.6221,0.1554,33.1797,160.0236
2025-08-25,149.6210,-1.4970,-18.0686,6.6194,0.1375,-6.2150,160.4757
2025-08-26,150.0758,0.3040,-18.0011,4.3771,0.0866,-81.3427,160.5402
2025-08-27,142.7489,-4.8822,-12.4031,4.8850,0.0938,-69.2864,162.6806
2025-08-28,143.4563,0.4956,-3.7301,3.8042,0.0644,-69.0900,162.6712
2025-08-29,143.5574,0.0704,-5.4890,4.7870,0.0622,-60.8954,162.5776
2025-09-01,145.9323,1.6543,-2.4654,5.7133,0.0596,-59.2893,162.5368
2025-09-02,145.7302,-0.1385,-2.8956,5.1318,0.0557,-38.9259,162.2251
2025-09-03,142.5467,-2.1845,-0.1416,4.0766,0.0410,-56.3028,162.8510
2025-09-04,145.1238,1.8079,1.1624,5.1532,0.0575,-8.7336,162.8459
2025-09-05,148.1051,2.0543,3.1679,3.5483,0.0550,-11.1555,162.7867
2025-09-08,147.1956,-0.6141,0.8657,2.1970,0.0466,-18.9121,162.4302
2025-09-09,139.6665,-5.1150,-4.1609,5.6440,0.0510,-9.4230,164.3109
2025-09-10,137.8474,-1.3025,-3.2967,2.4927,0.0276,-35.0587,164.6827
2025-09-11,140.4750,1.9062,-3.2033,2.1223,0.0312,-47.6111,163.1413
2025-09-12,139.8181,-0.4676,-5.5954,2.2046,0.0253,-56.0652,124.5481
2025-09-15,139.7676,-0.0361,-5.0463,2.8200,0.0283,-41.7363,56.2621
2025-09-16,141.3340,1.1208,1.1939,2.6457,0.0241,-53.2523,56.6665
2025-09-17,141.7383,0.2860,2.8226,1.6756,0.0222,-18.3006,43.5774
2025-09-18,146.1344,3.1016,4.0288,7.1577,0.0807,172.5439,34.1844
2025-09-19,134.5124,-7.9530,-3.7947,8.6026,0.0733,185.3772,43.2827
2025-09-22,131.5311,-2.2164,-5.8930,3.8801,0.0307,1.2986,43.5616
2025-09-23,128.6508,-2.1898,-8.9739,4.7133,0.0309,17.4340,43.7700

---

Sample ID: bj430478_2024-01-02
Stock: bj430478
As-of date: 2024-01-02
Historical features:
date,close_idx,ret_1d_pct,ret_5d_pct,range_pct,turnover,money_chg_5d_pct,vol_20d_pct
2023-11-21,100.0000,4.1016,6.6000,8.2552,0.0437,1275.8119,35.9909
2023-11-22,110.0688,10.0688,15.1079,12.1591,0.0781,1243.5920,49.2551
2023-11-23,143.0894,30.0000,53.5570,18.2692,0.4215,11836.6889,114.1423
2023-11-24,185.9912,29.9825,98.7968,28.4129,0.6270,76349.8578,150.3320
2023-11-27,214.2589,15.1984,123.0469,26.9994,0.7561,24078.2823,155.0662
2023-11-28,183.1770,-14.5067,83.1770,19.0850,0.4688,1869.4713,164.8548
2023-11-29,155.7849,-14.9539,41.5341,21.8386,0.3566,619.0280,177.5014
2023-11-30,165.8537,6.4633,15.9091,14.4419,0.3414,-6.5771,177.2153
2023-12-01,149.6560,-9.7662,-19.5360,13.9156,0.2324,-64.9757,183.3026
2023-12-04,143.7774,-3.9281,-32.8955,6.0026,0.1801,-83.8048,184.9758
2023-12-05,164.9781,14.7455,-9.9351,17.2479,0.3567,-35.9508,189.0304
2023-12-06,153.1582,-7.1645,-1.6861,11.9641,0.2450,-34.9944,192.9916
2023-12-07,155.5347,1.5517,-6.2217,8.5645,0.1777,-48.5929,192.9504
2023-12-08,174.3590,12.1029,16.5065,15.4950,0.3440,59.0619,195.0122
2023-12-11,166.9794,-4.2324,16.1375,11.0861,0.2313,51.9952,196.8972
2023-12-12,168.9181,1.1610,2.3882,5.8127,0.1713,-48.4850,196.8203
2023-12-13,182.3014,7.9230,19.0282,13.0017,0.4034,90.0525,197.2695
2023-12-14,184.3652,1.1321,18.5364,7.3270,0.3317,113.7279,196.0862
2023-12-15,176.4228,-4.3080,1.1836,8.6494,0.1958,-40.1851,197.9832
2023-12-18,179.4872,1.7370,7.4906,3.9373,0.1563,-28.9467,198.0888
2023-12-19,172.9206,-3.6585,2.3695,5.3165,0.1560,-6.6841,199.8733
2023-12-20,181.6760,5.0633,-0.3431,6.7470,0.2407,-41.6007,198.4687
2023-12-21,148.0300,-18.5198,-19.7083,33.5023,0.2626,-28.7293,185.9954
2023-12-22,150.8443,1.9011,-14.4984,7.0481,0.1132,-50.7655,150.9739
2023-12-25,157.1607,4.1874,-12.4390,6.2475,0.1286,-28.4921,140.3763
2023-12-26,159.7248,1.6315,-7.6311,7.5959,0.1470,-13.7101,131.4181
2023-12-27,158.1614,-0.9789,-12.9432,4.6263,0.1125,-58.7783,119.6516
2023-12-28,158.1614,0.0000,6.8441,2.6888,0.1007,-62.7889,117.4526
2023-12-29,162.4765,2.7284,7.7114,4.2340,0.1215,15.9303,111.8735
2024-01-02,167.9174,3.3487,6.8444,4.5810,0.1823,50.6442,110.8984

---

Sample ID: bj430478_2025-09-23
Stock: bj430478
As-of date: 2025-09-23
Historical features:
date,close_idx,ret_1d_pct,ret_5d_pct,range_pct,turnover,money_chg_5d_pct,vol_20d_pct
2025-08-13,100.0000,1.5810,-0.0432,3.1128,0.0693,-21.4897,45.3311
2025-08-14,95.8063,-4.1937,-3.9861,5.5054,0.0806,27.2570,48.4034
2025-08-15,100.2594,4.6480,0.5202,5.3040,0.0877,63.3285,50.6235
2025-08-18,105.7501,5.4765,6.2093,5.7236,0.1272,134.2317,52.9710
2025-08-19,108.0847,2.2077,9.7936,8.1600,0.1409,212.1632,53.1695
2025-08-20,111.0246,2.7200,11.0246,5.4907,0.1633,160.9905,53.4786
2025-08-21,108.9062,-1.9081,13.6733,6.1929,0.1132,57.8713,53.9505
2025-08-22,107.2633,-1.5085,6.9858,3.5873,0.0728,-10.1375,54.5358
2025-08-25,106.6148,-0.6046,0.8177,2.5142,0.0721,-41.8504,54.6831
2025-08-26,105.9663,-0.6083,-1.9600,2.0808,0.0446,-69.1847,52.7203
2025-08-27,102.8534,-2.9376,-7.3598,4.2034,0.0691,-59.2877,42.2807
2025-08-28,103.5019,0.6305,-4.9623,3.9683,0.0654,-46.6271,42.3884
2025-08-29,106.1392,2.5480,-1.0480,4.2363,0.0617,-16.6817,39.7190
2025-09-01,106.4419,0.2851,-0.1622,2.3558,0.0564,-21.5488,39.5998
2025-09-02,106.2257,-0.2031,0.2448,3.5002,0.0820,83.4524,37.6448
2025-09-03,109.4250,3.0118,6.3892,3.6349,0.1260,88.0893,38.5665
2025-09-04,108.1280,-1.1853,4.4695,4.6381,0.1017,64.5944,38.9392
2025-09-05,112.9702,4.4782,6.4358,7.2713,0.1383,137.6025,41.4368
2025-09-08,110.5923,-2.1049,3.8993,3.4402,0.0983,82.8597,42.5035
2025-09-09,107.0904,-3.1665,0.8140,4.0371,0.0639,-20.9027,44.1606
2025-09-10,106.9607,-0.1211,-2.2521,3.0315,0.0508,-60.4304,43.9997
2025-09-11,105.8798,-1.0105,-2.0792,3.0625,0.0605,-42.3082,40.9636
2025-09-12,104.2802,-1.5108,-7.6923,3.0680,0.0475,-67.7243,38.5172
2025-09-15,104.9287,0.6219,-5.1212,2.4310,0.0234,-77.6034,33.2293
2025-09-16,105.2313,0.2884,-1.7360,2.3829,0.0310,-52.8938,32.2067
2025-09-17,104.7557,-0.4519,-2.0614,1.7334,0.0273,-47.0215,30.4232
2025-09-18,103.8046,-0.9080,-1.9600,3.1237,0.0510,-15.1506,29.9131
2025-09-19,101.7726,-1.9575,-2.4046,2.6338,0.0391,-19.4949,30.2100
2025-09-22,100.0432,-1.6992,-4.6560,5.0562,0.0320,32.2363,30.6296
2025-09-23,98.0545,-1.9879,-6.8200,4.4974,0.0504,51.3755,31.2000
