你现在要做一个可评测实验：直接根据股票最近 30 个交易日的日线特征，预测未来 1/3/5 个交易日的涨跌概率和收益。

重要规则：
- 只使用每个样本给出的历史表格。
- 不要给买卖建议。
- 不要输出解释性段落。
- 只返回一个 JSON 数组。
- 数组里每个对象必须包含 sample_id 和 prediction。
- prob_up_* 是 0 到 1 的上涨概率。
- pred_return_* 是小数收益率，例如 0.01 表示 +1%。
- confidence 是 0 到 1。
- 不要简单追涨杀跌。遇到短期极端上涨、极端下跌、超高波动时，要考虑均值回归和反转风险。
- 如果走势信号不清楚，概率应该靠近 0.50，confidence 应该偏低。
- prediction 的方向和 pred_return 的正负要尽量一致。

返回格式必须严格像这样：
[
  {
    "sample_id": "example_2024-01-02",
    "prediction": {
      "prob_up_1d": 0.50,
      "prob_up_3d": 0.50,
      "prob_up_5d": 0.50,
      "pred_return_1d": 0.0,
      "pred_return_3d": 0.0,
      "pred_return_5d": 0.0,
      "confidence": 0.0,
      "reason": "简短理由"
    }
  }
]

下面是要预测的样本：

Sample ID: bj831627_2024-01-22
Stock: bj831627
As-of date: 2024-01-22
Historical features:
date,close_idx,ret_1d_pct,ret_5d_pct,range_pct,turnover,money_chg_5d_pct,vol_20d_pct
2023-12-11,100.0000,-6.8528,19.6739,10.2634,0.2000,124.9461,163.3662
2023-12-12,105.3588,5.3588,13.3920,7.6724,0.1791,-16.1746,163.7095
2023-12-13,107.7203,2.2414,-9.4656,5.0590,0.1975,-60.8529,163.6537
2023-12-14,107.6294,-0.0843,-5.9524,9.8734,0.2989,-38.1886,161.2848
2023-12-15,114.8955,6.7511,7.0220,13.5178,0.3497,23.3494,161.7431
2023-12-18,117.4387,2.2134,17.4387,6.7285,0.2591,46.6128,161.7118
2023-12-19,113.8965,-3.0162,8.1034,6.6188,0.1904,16.9581,162.5104
2023-12-20,114.8955,0.8772,6.6610,4.9012,0.2241,22.3683,156.0130
2023-12-21,93.8238,-18.3399,-12.8270,31.1713,0.2693,-15.7579,169.1619
2023-12-22,97.1844,3.5818,-15.4150,10.9346,0.1517,-63.7404,159.8897
2023-12-25,101.0899,4.0187,-13.9211,6.1995,0.1339,-54.9728,149.6095
2023-12-26,108.0836,6.9182,-5.1037,8.8235,0.2691,33.4202,149.8842
2023-12-27,103.1789,-4.5378,-10.1976,6.0739,0.1787,-28.3809,144.7674
2023-12-28,109.9909,6.6021,17.2314,9.4137,0.3160,22.4169,144.5061
2023-12-29,111.2625,1.1561,14.4860,6.2857,0.2425,83.7592,141.8971
2024-01-02,114.6231,3.0204,13.3872,5.0713,0.2553,115.6979,141.8712
2024-01-03,114.5322,-0.0792,5.9664,5.1546,0.1580,-37.6132,137.7180
2024-01-04,116.8937,2.0619,13.2923,4.9728,0.2024,26.4402,95.3761
2024-01-05,151.9528,29.9922,38.1503,20.3228,0.7708,216.9932,141.3915
2024-01-08,130.7902,-13.9271,17.5510,19.9306,0.5877,215.4606,149.6075
2024-01-09,122.9791,-5.9722,7.2900,11.8907,0.4327,85.2757,148.9948
2024-01-10,134.4233,9.3058,17.3672,23.2432,0.5965,363.2779,151.0161
2024-01-11,140.2361,4.3243,19.9689,16.8394,0.4871,182.3167,151.3070
2024-01-12,136.6939,-2.5259,-10.0418,14.9502,0.5092,-32.9901,151.9450
2024-01-15,143.0518,4.6512,9.3750,13.2063,0.3863,-35.9445,151.1856
2024-01-16,161.4896,12.8889,31.3146,19.9663,0.5320,56.2911,156.4944
2024-01-17,161.7620,0.1687,20.3378,18.6412,0.5078,0.5216,155.5322
2024-01-18,163.5786,1.1230,16.6451,11.3826,0.4226,6.7475,155.5068
2024-01-19,150.5904,-7.9400,10.1661,13.0277,0.4130,-11.5264,140.9710
2024-01-22,153.1335,1.6888,7.0476,10.5575,0.3185,-11.3388,140.9815

---

Sample ID: bj831627_2025-09-23
Stock: bj831627
As-of date: 2025-09-23
Historical features:
date,close_idx,ret_1d_pct,ret_5d_pct,range_pct,turnover,money_chg_5d_pct,vol_20d_pct
2025-08-13,100.0000,-1.2168,-3.0402,2.6876,0.0446,48.7744,30.8429
2025-08-14,96.6779,-3.3221,-5.6466,3.8996,0.0458,45.0076,32.1243
2025-08-15,99.2161,2.6255,-2.6374,4.1384,0.0446,120.2783,33.8035
2025-08-18,102.6502,3.4612,-1.0435,3.6727,0.0632,26.4384,36.3960
2025-08-19,102.6502,0.0000,1.4012,2.9455,0.0690,75.0455,35.8736
2025-08-20,102.7249,0.0727,2.7249,2.3983,0.0361,-18.0023,34.5628
2025-08-21,101.6051,-1.0901,5.0965,2.6451,0.0273,-38.1279,32.9245
2025-08-22,101.6051,0.0000,2.4078,2.6451,0.0344,-21.2561,32.9174
2025-08-25,101.0078,-0.5878,-1.6000,1.9586,0.0433,-31.6999,28.6874
2025-08-26,99.0668,-1.9217,-3.4909,2.3738,0.0341,-52.3019,28.2094
2025-08-27,97.3871,-1.6956,-5.1962,4.0245,0.0350,-5.9562,25.7067
2025-08-28,99.1415,1.8015,-2.4247,3.6898,0.0331,16.3944,26.7488
2025-08-29,102.1650,3.0497,0.5511,5.6631,0.0949,179.4292,28.8773
2025-09-01,101.3065,-0.8403,0.2956,2.9845,0.0509,18.3582,28.8245
2025-09-02,102.5383,1.2159,3.5041,4.0772,0.0704,112.1394,29.1905
2025-09-03,102.6129,0.0728,5.3660,3.6741,0.0641,92.0272,29.1323
2025-09-04,111.6835,8.8396,12.6506,12.1992,0.2441,739.5476,42.6856
2025-09-05,122.2844,9.4920,19.6931,21.6728,0.2648,233.1291,53.1263
2025-09-08,114.5577,-6.3187,13.0803,9.1235,0.1784,299.3093,58.9380
2025-09-09,114.9683,0.3584,12.1223,6.1688,0.1184,88.8778,57.8963
2025-09-10,107.8761,-6.1688,5.1291,6.2284,0.1250,105.6922,62.5518
2025-09-11,108.8466,0.8997,-2.5401,5.2126,0.0825,-67.2574,60.9477
2025-09-12,107.7268,-1.0288,-11.9048,4.1234,0.0801,-73.7068,60.7674
2025-09-15,109.1825,1.3514,-4.6921,8.5812,0.1382,-24.7077,59.8493
2025-09-16,105.5244,-3.3504,-8.2143,5.1291,0.0924,-28.6262,61.2921
2025-09-17,106.9802,1.3796,-0.8304,6.5597,0.0818,-36.1448,61.4293
2025-09-18,105.6364,-1.2561,-2.9492,3.3569,0.0693,-17.1864,61.4810
2025-09-19,101.9037,-3.5336,-5.4054,5.3114,0.0610,-25.3686,62.9447
2025-09-22,102.5009,0.5861,-6.1197,2.8769,0.0365,-76.0747,62.9155
2025-09-23,99.4401,-2.9862,-5.7658,6.3438,0.0549,-42.7198,63.4905

---

Sample ID: bj831641_2024-01-02
Stock: bj831641
As-of date: 2024-01-02
Historical features:
date,close_idx,ret_1d_pct,ret_5d_pct,range_pct,turnover,money_chg_5d_pct,vol_20d_pct
2023-11-21,100.0000,9.6296,13.3231,12.9730,0.0738,498.5675,45.8169
2023-11-22,110.5405,10.5405,22.6387,12.8362,0.1071,688.9375,57.3553
2023-11-23,105.9459,-4.1565,20.0613,13.1378,0.1019,983.9187,60.2718
2023-11-24,137.7027,29.9745,55.5725,13.8371,0.3304,9907.5388,118.9820
2023-11-27,153.6486,11.5800,68.4444,20.3166,0.4261,2841.4413,120.2985
2023-11-28,136.2162,-11.3456,36.2162,10.6151,0.2398,366.7713,129.8596
2023-11-29,119.7297,-12.1032,8.3130,18.9616,0.1654,89.7557,139.9708
2023-11-30,118.2432,-1.2415,11.6071,8.0000,0.1014,7.6671,139.4365
2023-12-01,112.1622,-5.1429,-18.5476,10.0000,0.0988,-74.0017,141.8645
2023-12-04,112.4324,0.2410,-26.8250,6.6106,0.0755,-86.6283,141.9914
2023-12-05,124.5946,10.8173,-8.5317,10.0868,0.1401,-50.2658,145.2782
2023-12-06,134.5946,8.0260,12.4153,13.7550,0.2272,39.0002,146.6168
2023-12-07,135.9459,1.0040,14.9714,7.6541,0.1515,70.0175,146.7167
2023-12-08,140.2703,3.1809,25.0602,8.2852,0.1496,83.4411,146.1591
2023-12-11,129.4595,-7.7071,15.1442,10.2296,0.1240,92.8268,150.7101
2023-12-12,131.4865,1.5658,5.5315,4.3165,0.0758,-41.1700,150.7429
2023-12-13,137.1622,4.3165,1.9076,5.2217,0.1284,-41.6319,150.8886
2023-12-14,141.2162,2.9557,3.8767,5.4545,0.1681,15.0917,149.8990
2023-12-15,141.8919,0.4785,1.1561,7.3333,0.1272,-14.3409,149.8627
2023-12-18,146.6216,3.3333,13.2568,4.8848,0.1457,28.5012,149.8727
2023-12-19,149.3243,1.8433,13.5663,12.3077,0.1857,180.2760,147.6975
2023-12-20,153.3784,2.7149,11.8227,8.8106,0.1882,64.3800,144.5614
2023-12-21,140.5405,-8.3700,-0.4785,24.0385,0.3054,101.6760,147.6878
2023-12-22,159.8649,13.7500,12.6667,17.6669,0.3293,164.8471,114.0413
2023-12-25,168.1081,5.1564,14.6544,10.2894,0.3133,149.0248,108.2667
2023-12-26,188.3784,12.0579,26.1538,15.7102,0.3692,136.1827,105.6471
2023-12-27,172.7027,-8.3214,12.5991,8.5290,0.2414,49.2717,99.7116
2023-12-28,182.1622,5.4773,29.6154,19.6588,0.3633,40.2993,99.6373
2023-12-29,181.0811,-0.5935,13.2713,9.7761,0.2876,6.3845,96.3425
2024-01-02,191.4865,5.7463,13.9068,9.8095,0.2574,-9.4268,96.5391

---

Sample ID: bj831641_2025-09-23
Stock: bj831641
As-of date: 2025-09-23
Historical features:
date,close_idx,ret_1d_pct,ret_5d_pct,range_pct,turnover,money_chg_5d_pct,vol_20d_pct
2025-08-13,100.0000,-1.1798,-4.6095,2.3877,0.0360,-61.3372,32.8106
2025-08-14,96.6458,-3.3542,-6.8493,4.4118,0.0420,-37.0021,34.9355
2025-08-15,100.0569,3.5294,-2.7624,3.9205,0.0398,13.5676,37.1837
2025-08-18,106.9926,6.9318,3.4066,6.9075,0.0914,142.0362,44.3796
2025-08-19,125.9807,17.7471,24.4944,19.5397,0.2698,643.6212,75.8546
2025-08-20,117.6805,-6.5884,17.6805,8.7440,0.2216,632.0877,79.8017
2025-08-21,118.8744,1.0145,23.0000,13.8211,0.2164,560.1175,79.7325
2025-08-22,117.8511,-0.8608,17.7841,4.4380,0.1526,349.3861,79.7850
2025-08-25,113.7010,-3.5215,6.2699,5.2000,0.1274,51.3509,80.4954
2025-08-26,112.2797,-1.2500,-10.8755,4.0000,0.0860,-72.6418,80.2746
2025-08-27,108.9824,-2.9367,-7.3913,3.4429,0.0980,-59.5256,80.5722
2025-08-28,110.9153,1.7736,-6.6954,4.8693,0.0842,-65.8845,80.0621
2025-08-29,108.0728,-2.5628,-8.2972,3.4719,0.0613,-61.9456,80.5368
2025-09-01,110.1194,1.8937,-3.1500,4.1301,0.0605,-55.1980,80.5798
2025-09-02,112.6777,2.3232,0.3544,4.1372,0.0896,1.8612,80.7611
2025-09-03,108.0728,-4.0868,-0.8346,5.3130,0.0640,-34.3334,81.1654
2025-09-04,111.5975,3.2614,0.6151,4.4320,0.0750,-9.9181,81.6824
2025-09-05,118.3059,6.0112,9.4687,6.9678,0.1227,111.1992,83.8077
2025-09-08,127.9704,8.1691,16.2106,20.7463,0.3333,640.5836,87.7476
2025-09-09,119.3860,-6.7081,5.9536,5.5238,0.2253,171.0046,91.4505
2025-09-10,114.3263,-4.2381,5.7864,3.8289,0.1262,106.7605,93.0391
2025-09-11,118.0216,3.2322,5.7565,4.9133,0.1052,47.3034,92.0451
2025-09-12,115.9181,-1.7823,-2.0183,3.6292,0.0957,-22.4201,92.1601
2025-09-15,115.4633,-0.3923,-9.7734,2.4126,0.0661,-84.2128,89.4192
2025-09-16,115.1791,-0.2462,-3.5238,3.2083,0.0645,-72.8734,62.0893
2025-09-17,118.1922,2.6160,3.3814,4.0885,0.0759,-39.2226,58.3561
2025-09-18,123.5361,4.5214,4.6724,7.7773,0.1686,70.0687,60.3889
2025-09-19,120.5799,-2.3930,4.0216,7.6379,0.0992,7.5885,61.0081
2025-09-22,132.2342,9.6653,14.5249,15.6922,0.1718,184.5655,67.9468
2025-09-23,126.4923,-4.3422,9.8223,8.6292,0.1327,124.9559,70.0640

---

Sample ID: bj831689_2024-01-02
Stock: bj831689
As-of date: 2024-01-02
Historical features:
date,close_idx,ret_1d_pct,ret_5d_pct,range_pct,turnover,money_chg_5d_pct,vol_20d_pct
2023-11-21,100.0000,4.4276,8.0447,9.7208,0.0440,3958.0295,26.8622
2023-11-22,107.7559,7.7559,15.1381,8.1574,0.0568,1672.6194,36.3341
2023-11-23,113.7539,5.5662,23.8739,14.0000,0.0928,6623.3734,39.5516
2023-11-24,140.8480,23.8182,53.8983,18.6490,0.0987,18002.7817,88.9188
2023-11-27,159.8759,13.5095,66.9546,15.5239,0.1397,2289.4670,97.1047
2023-11-28,149.0176,-6.7917,49.0176,15.1284,0.1011,243.1106,102.3538
2023-11-29,130.9204,-12.1443,21.4971,17.4566,0.0743,74.4648,114.8015
2023-11-30,129.2658,-1.2638,13.6364,8.1600,0.0415,-50.1136,115.0769
2023-12-01,119.8552,-7.2800,-14.9046,13.2873,0.0500,-50.6277,119.7291
2023-12-04,119.9586,0.0863,-24.9677,7.0690,0.0198,-89.1856,119.8152
2023-12-05,134.9535,12.5000,-9.4379,14.7893,0.0446,-62.1167,125.7480
2023-12-06,135.9876,0.7663,3.8705,8.5171,0.0628,-14.8703,125.8210
2023-12-07,141.5719,4.1065,9.5200,8.7655,0.0586,51.9911,125.7328
2023-12-08,144.1572,1.8262,20.2761,5.5954,0.0656,51.5291,125.4034
2023-12-11,136.4012,-5.3802,13.7069,3.4875,0.0359,107.8294,128.2018
2023-12-12,137.5388,0.8340,1.9157,4.8872,0.0230,-46.3974,128.0671
2023-12-13,145.2947,5.6391,6.8441,9.3950,0.0569,-7.0664,128.5213
2023-12-14,145.3981,0.0712,2.7027,6.1878,0.0590,7.1797,127.8208
2023-12-15,141.7787,-2.4893,-1.6499,4.7411,0.0523,-20.5528,128.7056
2023-12-18,153.5677,8.3151,12.5853,9.9663,0.0755,126.6693,130.1667
2023-12-19,155.0155,0.9428,12.7068,6.3376,0.0640,215.5274,130.1388
2023-12-20,161.3237,4.0694,11.0320,5.1282,0.0766,48.7927,128.8226
2023-12-21,143.8469,-10.8333,-1.0669,17.7570,0.0939,66.6583,136.3024
2023-12-22,146.6391,1.9410,3.4282,7.5458,0.0498,-4.8224,108.0088
2023-12-25,155.4292,5.9944,1.2121,5.3227,0.0528,-27.9504,98.8350
2023-12-26,155.1189,-0.1996,0.0667,8.6000,0.0590,-6.8920,95.5004
2023-12-27,155.7394,0.4000,-3.4615,4.8473,0.0476,-40.3280,83.2897
2023-12-28,165.0465,5.9761,14.7376,7.1429,0.0884,-2.0557,84.6310
2023-12-29,167.2182,1.3158,14.0339,5.0711,0.0848,97.9123,78.2456
2024-01-02,184.9018,10.5751,18.9621,10.9060,0.1543,252.9135,83.8654

---

Sample ID: bj831689_2025-09-23
Stock: bj831689
As-of date: 2025-09-23
Historical features:
date,close_idx,ret_1d_pct,ret_5d_pct,range_pct,turnover,money_chg_5d_pct,vol_20d_pct
2025-08-13,100.0000,0.4420,-2.8504,3.0073,0.0441,-15.8536,36.6299
2025-08-14,102.9829,2.9829,2.0596,8.9031,0.1310,177.9766,38.3985
2025-08-15,106.9438,3.8462,5.7799,7.9561,0.1430,300.4175,40.2986
2025-08-18,112.1760,4.8925,11.3052,7.7376,0.1829,546.0395,43.5588
2025-08-19,108.3374,-3.4220,8.8163,5.2810,0.1463,376.1077,40.5512
2025-08-20,106.9438,-1.2864,6.9438,3.2693,0.0833,98.3115,36.3463
2025-08-21,104.7677,-2.0348,1.7331,3.0572,0.0558,-56.1188,37.0968
2025-08-22,104.5477,-0.2100,-2.2405,1.9878,0.0466,-67.8344,35.8037
2025-08-25,104.1076,-0.4210,-7.1927,1.6909,0.0519,-73.3815,35.7613
2025-08-26,104.4010,0.2818,-3.6335,1.8501,0.0469,-69.4943,34.2757
2025-08-27,99.8289,-4.3794,-6.6529,5.7066,0.0749,-13.5694,37.7659
2025-08-28,98.9976,-0.8327,-5.5076,4.6184,0.0545,-8.7819,36.8524
2025-08-29,101.5892,2.6179,-2.8297,4.5247,0.0468,-2.6750,37.5125
2025-09-01,101.4425,-0.1444,-2.5599,3.3261,0.0398,-25.7630,36.8520
2025-09-02,101.5892,0.1446,-2.6932,2.7677,0.0417,-14.1379,36.7568
2025-09-03,97.8484,-3.6823,-1.9838,4.0980,0.0338,-55.8876,38.2713
2025-09-04,97.9218,0.0750,-1.0867,3.1211,0.0405,-25.3576,37.7185
2025-09-05,101.7115,3.8702,0.1203,3.6538,0.0575,22.8513,40.2975
2025-09-08,103.6675,1.9231,2.1933,2.9953,0.0655,69.2335,40.8009
2025-09-09,104.3765,0.6840,2.7437,9.2528,0.1526,293.0542,40.5010
2025-09-10,99.1932,-4.9660,1.3743,4.8805,0.0857,154.5910,44.5398
2025-09-11,99.5599,0.3697,1.6729,2.4067,0.0483,18.8980,43.1608
2025-09-12,98.4108,-1.1542,-3.2452,1.6149,0.0407,-31.0089,40.6203
2025-09-15,97.6528,-0.7702,-5.8019,2.1783,0.0385,-44.3347,35.5175
2025-09-16,98.0929,0.4507,-6.0201,1.7448,0.0339,-79.9730,34.1677
2025-09-17,97.8240,-0.2742,-1.3803,1.0997,0.0282,-67.8850,34.0369
2025-09-18,96.9438,-0.8998,-2.6277,3.0769,0.0426,-12.3067,33.5589
2025-09-19,94.5232,-2.4968,-3.9503,3.1040,0.0371,-11.7837,34.3896
2025-09-22,92.4694,-2.1728,-5.3080,2.5648,0.0315,-21.6877,34.9078
2025-09-23,92.6650,0.2115,-5.5334,4.9868,0.0512,45.2966,34.8860

---

Sample ID: bj831726_2024-01-02
Stock: bj831726
As-of date: 2024-01-02
Historical features:
date,close_idx,ret_1d_pct,ret_5d_pct,range_pct,turnover,money_chg_5d_pct,vol_20d_pct
2023-11-21,100.0000,5.8824,6.1487,12.6812,0.0082,227.3634,27.7356
2023-11-22,115.7005,15.7005,23.7485,15.1357,0.0237,1326.0218,59.5968
2023-11-23,109.0580,-5.7411,19.0583,14.7287,0.0199,2518.8195,64.5109
2023-11-24,126.6908,16.1683,38.3081,23.7369,0.0383,22968.5810,83.2919
2023-11-27,141.3043,11.5348,49.6164,16.1538,0.0579,5653.4224,89.4624
2023-11-28,125.7246,-11.0256,25.7246,11.1431,0.0307,389.8785,101.5917
2023-11-29,116.5459,-7.3007,0.7307,14.0933,0.0289,34.4222,106.7173
2023-11-30,117.0290,0.4145,7.3090,12.6935,0.0228,16.5617,106.7701
2023-12-01,117.6329,0.5160,-7.1497,15.2977,0.0288,-24.2242,106.7065
2023-12-04,111.1111,-5.5441,-21.3675,9.7826,0.0197,-72.3598,109.6965
2023-12-05,136.8357,23.1522,8.8377,24.7132,0.0724,131.2421,133.9676
2023-12-06,129.1063,-5.6487,10.7772,15.3414,0.0612,135.6930,137.0417
2023-12-07,129.8309,0.5613,10.9391,7.2558,0.0350,66.4487,137.1500
2023-12-08,127.7778,-1.5814,8.6242,7.2779,0.0253,-6.3823,137.7312
2023-12-11,120.7729,-5.4820,8.6957,8.0000,0.0224,25.4724,140.1833
2023-12-12,122.9469,1.8000,-10.1500,4.8134,0.0168,-77.9160,139.9184
2023-12-13,125.4831,2.0629,-2.8064,6.4485,0.0271,-58.3757,139.6236
2023-12-14,125.6039,0.0962,-3.2558,5.0000,0.0394,11.9255,139.0481
2023-12-15,123.1884,-1.9231,-3.5917,6.2745,0.0266,-0.5809,139.5693
2023-12-18,131.2802,6.5686,8.7000,9.3836,0.0442,107.8248,140.5248
2023-12-19,129.9517,-1.0120,5.6974,6.5056,0.0331,109.3285,140.1358
2023-12-20,136.8357,5.2974,9.0472,7.6787,0.0455,78.3539,130.8768
2023-12-21,114.7343,-16.1518,-8.6538,23.8947,0.0518,32.0558,142.8152
2023-12-22,115.9420,1.0526,-5.8824,4.2708,0.0208,-26.4090,130.5482
2023-12-25,120.7729,4.1667,-8.0037,8.0000,0.0208,-56.3426,124.2855
2023-12-26,123.6715,2.4000,-4.8327,4.6875,0.0210,-40.5839,118.1911
2023-12-27,126.8116,2.5391,-7.3257,6.7619,0.0339,-30.2432,115.0589
2023-12-28,127.4155,0.4762,11.0526,6.2559,0.0330,-37.0907,115.0574
2023-12-29,128.9855,1.2322,11.2500,4.4007,0.0324,72.5981,115.0729
2024-01-02,132.8502,2.9963,10.0000,4.3636,0.0438,132.3209,112.8961

---

Sample ID: bj831726_2025-09-23
Stock: bj831726
As-of date: 2025-09-23
Historical features:
date,close_idx,ret_1d_pct,ret_5d_pct,range_pct,turnover,money_chg_5d_pct,vol_20d_pct
2025-08-13,100.0000,-0.2960,-1.0284,3.9090,0.0335,61.7985,18.4563
2025-08-14,98.8619,-1.1381,-2.9155,2.1021,0.0295,-0.6594,13.6465
2025-08-15,99.3073,0.4505,-0.3476,1.6941,0.0211,-2.0510,13.0259
2025-08-18,101.2370,1.9432,0.9373,2.0039,0.0381,123.5716,15.0706
2025-08-19,106.4325,5.1320,6.1174,7.1595,0.1021,613.7002,23.8071
2025-08-20,112.5186,5.7183,12.5186,10.0704,0.1421,358.3506,30.6475
2025-08-21,107.7684,-4.2216,9.0090,4.8669,0.0889,229.3895,34.8221
2025-08-22,105.8882,-1.7447,6.6268,3.8785,0.0494,148.9424,35.5063
2025-08-25,111.2815,5.0935,9.9218,8.4927,0.1141,226.4293,39.5271
2025-08-26,109.7476,-1.3784,3.1148,5.2750,0.0814,-16.7483,40.0298
2025-08-27,107.6200,-1.9387,-4.3536,3.6322,0.0656,-54.4797,40.6023
2025-08-28,106.8778,-0.6897,-0.8264,4.4444,0.0529,-41.3963,40.1590
2025-08-29,105.3934,-1.3889,-0.4673,5.1643,0.0533,9.9984,40.5333
2025-09-01,105.9377,0.5164,-4.8021,3.1761,0.0449,-62.3076,40.5088
2025-09-02,104.4038,-1.4479,-4.8693,3.6967,0.0430,-49.6926,40.9730
2025-09-03,100.2474,-3.9810,-6.8506,6.9102,0.0386,-44.9053,43.5630
2025-09-04,109.2528,8.9832,2.2222,13.3605,0.1591,204.4455,54.0018
2025-09-05,110.5888,1.2228,4.9296,5.3244,0.1123,110.5312,53.2138
2025-09-08,108.1148,-2.2371,2.0551,4.5767,0.0604,39.1318,54.1382
2025-09-09,106.4325,-1.5561,1.9431,4.5095,0.0467,10.8503,54.5821
2025-09-10,107.1252,0.6509,6.8608,4.5727,0.0468,26.2378,54.5364
2025-09-11,105.1460,-1.8476,-3.7591,3.6706,0.0471,-71.2454,54.8589
2025-09-12,104.0574,-1.0353,-5.9060,2.1874,0.0340,-70.5115,55.0809
2025-09-15,105.2449,1.1412,-2.6545,4.3253,0.0470,-23.8818,54.8346
2025-09-16,103.9584,-1.2224,-2.3245,2.9510,0.0349,-27.5518,51.8905
2025-09-17,103.7110,-0.2380,-3.1871,2.0038,0.0255,-46.7579,47.1741
2025-09-18,102.3256,-1.3359,-2.6824,3.3366,0.0320,-33.4507,45.1129
2025-09-19,102.2266,-0.0967,-1.7594,1.9361,0.0236,-32.7174,44.7529
2025-09-22,101.2865,-0.9197,-3.7612,2.1983,0.0198,-59.8431,40.2958
2025-09-23,98.9114,-2.3449,-4.8548,4.9525,0.0340,-6.8030,40.7380

---

Sample ID: bj831768_2024-01-02
Stock: bj831768
As-of date: 2024-01-02
Historical features:
date,close_idx,ret_1d_pct,ret_5d_pct,range_pct,turnover,money_chg_5d_pct,vol_20d_pct
2023-11-21,100.0000,6.5909,9.3240,14.0725,0.0485,407.4643,63.3382
2023-11-22,111.7271,11.7271,18.5520,15.2672,0.0834,685.8934,73.7529
2023-11-23,108.9552,-2.4809,18.2870,14.6771,0.0598,818.6682,74.9762
2023-11-24,118.7633,9.0020,28.6374,13.1059,0.0725,2444.0189,79.5657
2023-11-27,134.1151,12.9264,42.9545,11.4467,0.1083,1547.7361,88.3060
2023-11-28,124.5203,-7.1542,24.5203,16.0959,0.0702,82.8125,94.6257
2023-11-29,112.7932,-9.4178,0.9542,21.5501,0.0532,-29.2677,102.8281
2023-11-30,113.0064,0.1890,3.7182,6.0377,0.0344,-43.9422,102.7305
2023-12-01,107.4627,-4.9057,-9.5153,7.3413,0.0304,-60.5994,105.2447
2023-12-04,105.3305,-1.9841,-21.4626,6.6802,0.0282,-78.7431,105.8778
2023-12-05,115.1386,9.3117,-7.5342,10.7407,0.0447,-44.7676,109.6093
2023-12-06,115.9915,0.7407,2.8355,7.5368,0.0435,-19.3464,109.6101
2023-12-07,120.0426,3.4926,6.2264,6.0391,0.0447,37.3997,101.3474
2023-12-08,122.6013,2.1314,14.0873,5.0435,0.0427,55.6779,95.4631
2023-12-11,115.1386,-6.0870,9.3117,10.3704,0.0249,-1.6028,98.8383
2023-12-12,118.3369,2.7778,2.7778,4.1441,0.0175,-59.0161,98.0909
2023-12-13,121.1087,2.3423,4.4118,6.8662,0.0287,-32.0346,97.9764
2023-12-14,127.2921,5.1056,6.0391,9.8827,0.0688,68.6559,97.7747
2023-12-15,127.7186,0.3350,4.1739,7.6795,0.0458,10.6032,97.7533
2023-12-18,132.1962,3.5058,14.8148,5.0000,0.0535,139.8544,97.9328
2023-12-19,130.9168,-0.9677,10.6306,4.3974,0.0404,155.0320,96.8073
2023-12-20,137.5267,5.0489,13.5563,5.7364,0.0496,91.0202,90.1505
2023-12-21,121.1087,-11.9380,-4.8576,22.0070,0.0581,-14.8947,100.8777
2023-12-22,120.8955,-0.1761,-5.3422,5.8201,0.0251,-47.8459,96.0314
2023-12-25,126.0128,4.2328,-4.6774,7.2758,0.0245,-56.7582,85.1718
2023-12-26,129.6375,2.8765,-0.9772,6.9079,0.0335,-18.0178,81.6325
2023-12-27,128.9979,-0.4934,-6.2016,4.4628,0.0163,-68.7300,73.2093
2023-12-28,131.5565,1.9835,8.6268,6.4830,0.0284,-51.4254,73.2953
2023-12-29,136.2473,3.5656,12.6984,5.0078,0.0349,55.9201,70.5642
2024-01-02,149.2537,9.5462,18.4433,11.0000,0.0880,314.0421,75.1862

---

Sample ID: bj831768_2025-09-23
Stock: bj831768
As-of date: 2025-09-23
Historical features:
date,close_idx,ret_1d_pct,ret_5d_pct,range_pct,turnover,money_chg_5d_pct,vol_20d_pct
2025-08-13,100.0000,-0.7951,-3.9350,1.6919,0.0321,-2.2012,22.6143
2025-08-14,97.4176,-2.5824,-5.7709,3.5649,0.0451,18.8203,23.5803
2025-08-15,100.8905,3.5649,-0.7881,4.0600,0.0374,6.6933,27.0855
2025-08-18,104.8976,3.9718,2.7923,5.2632,0.0670,184.1705,29.8021
2025-08-19,111.0419,5.8574,10.1590,6.6560,0.1140,339.1014,35.7017
2025-08-20,109.0828,-1.7642,9.0828,4.1633,0.0643,116.2854,35.0114
2025-08-21,108.3704,-0.6531,11.2431,3.6976,0.0433,6.4990,33.7243
2025-08-22,108.1923,-0.1643,7.2374,3.0453,0.0380,9.6574,33.5546
2025-08-25,108.2814,0.0823,3.2258,3.7007,0.0511,-21.5045,33.4409
2025-08-26,115.8504,6.9901,4.3304,8.6856,0.1255,12.6925,41.0875
2025-08-27,116.3847,0.4612,6.6939,13.4660,0.2287,306.0502,41.0363
2025-08-28,115.6723,-0.6121,6.7379,7.0824,0.1362,231.7215,40.6993
2025-08-29,125.5565,8.5450,16.0494,13.6879,0.1787,434.3174,49.4200
2025-09-01,131.6118,4.8227,21.5461,8.9986,0.1773,307.7884,50.8784
2025-09-02,140.6946,6.9012,21.4450,17.0886,0.2701,174.7242,54.0632
2025-09-03,139.4479,-0.8861,19.8164,10.5364,0.1856,-5.9901,54.7381
2025-09-04,128.2280,-8.0460,10.8545,7.7778,0.1780,48.9917,64.1170
2025-09-05,130.1870,1.5278,3.6879,5.7456,0.1237,-26.5258,63.2652
2025-09-08,132.8584,2.0520,0.9472,7.1716,0.1069,-35.8163,63.2084
2025-09-09,125.2004,-5.7641,-11.0127,7.0413,0.0984,-67.8817,67.6128
2025-09-10,123.2413,-1.5647,-11.6220,3.9017,0.0580,-73.1237,67.9646
2025-09-11,124.9332,1.3728,-2.5694,3.3500,0.0593,-68.4158,66.5288
2025-09-12,122.7961,-1.7106,-5.6772,3.7708,0.0515,-60.6421,66.8181
2025-09-15,123.7756,0.7977,-6.8365,2.8058,0.0376,-67.5756,65.9345
2025-09-16,122.5289,-1.0072,-2.1337,2.9797,0.0409,-59.9981,63.5660
2025-09-17,128.8513,5.1599,4.5520,7.6710,0.1102,97.2366,64.9321
2025-09-18,123.9537,-3.8010,-0.7840,6.3218,0.0916,57.2393,66.8729
2025-09-19,122.4399,-1.2213,-0.2901,3.2000,0.0507,-1.4522,67.1708
2025-09-22,120.1247,-1.8909,-2.9496,3.4841,0.0415,7.4559,67.7759
2025-09-23,118.2547,-1.5567,-3.4884,5.1958,0.0516,20.3768,63.7704

---

Sample ID: bj831832_2024-01-02
Stock: bj831832
As-of date: 2024-01-02
Historical features:
date,close_idx,ret_1d_pct,ret_5d_pct,range_pct,turnover,money_chg_5d_pct,vol_20d_pct
2023-11-21,100.0000,5.4878,8.3184,11.5607,0.0388,1578.1007,25.8365
2023-11-22,117.7539,17.7539,27.0945,15.8485,0.0793,2903.0116,64.8138
2023-11-23,110.6524,-6.0309,21.3768,17.1642,0.0963,3559.0588,70.3102
2023-11-24,118.7448,7.3134,29.9006,13.0737,0.1212,10536.6558,73.2416
2023-11-27,139.5541,17.5243,47.2125,14.0237,0.1747,4066.7749,92.0801
2023-11-28,134.9298,-3.3136,34.9298,11.5055,0.1113,285.2693,93.8929
2023-11-29,135.3427,0.3060,14.9369,29.7132,0.1803,216.8209,93.8578
2023-11-30,123.9472,-8.4198,12.0149,10.3931,0.1234,40.1709,101.2971
2023-12-01,121.8002,-1.7322,2.5730,6.4407,0.0627,-44.1773,102.0900
2023-12-04,125.2684,2.8475,-10.2367,7.2512,0.0543,-70.2714,102.0571
2023-12-05,135.3427,8.0422,0.3060,12.6297,0.0913,-20.7027,104.1734
2023-12-06,133.8563,-1.0982,-1.0982,6.6626,0.0614,-70.2942,104.7121
2023-12-07,141.2056,5.4904,13.9241,6.4327,0.0805,-28.9002,105.0984
2023-12-08,143.6829,1.7544,17.9661,5.2299,0.0722,31.0777,104.6203
2023-12-11,135.8382,-5.4598,8.4377,9.1185,0.0599,20.9409,108.2232
2023-12-12,136.9942,0.8511,1.2203,3.5564,0.0336,-62.1830,108.3100
2023-12-13,142.3617,3.9180,6.3541,7.2506,0.0781,34.9984,108.2431
2023-12-14,143.3526,0.6961,1.5205,6.9124,0.0762,-0.6848,107.4249
2023-12-15,142.6920,-0.4608,-0.6897,5.7292,0.0403,-43.4600,107.6572
2023-12-18,148.2246,3.8773,9.1185,6.7967,0.0522,-6.8864,107.6856
2023-12-19,149.9587,1.1699,9.4635,4.2401,0.0515,68.9410,107.1688
2023-12-20,153.6746,2.4780,7.9466,4.8361,0.0484,-33.5128,90.2419
2023-12-21,134.4344,-12.5202,-6.2212,32.9853,0.0790,5.3331,99.8419
2023-12-22,134.7647,0.2457,-5.5556,7.8431,0.0428,-0.8312,97.1842
2023-12-25,141.0405,4.6569,-4.8468,4.5667,0.0400,-27.3752,76.3273
2023-12-26,144.9216,2.7518,-3.3590,8.4330,0.0488,-8.4511,75.6933
2023-12-27,142.3617,-1.7664,-7.3616,4.9304,0.0317,-39.1223,76.1091
2023-12-28,143.6003,0.8701,6.8182,4.0253,0.0395,-51.5290,68.6653
2023-12-29,146.9034,2.3002,9.0074,5.5649,0.0554,40.8996,68.1592
2024-01-02,154.0050,4.8342,9.1920,5.3083,0.0631,72.6696,69.2176

---

Sample ID: bj831832_2025-09-23
Stock: bj831832
As-of date: 2025-09-23
Historical features:
date,close_idx,ret_1d_pct,ret_5d_pct,range_pct,turnover,money_chg_5d_pct,vol_20d_pct
2025-08-13,100.0000,-0.3136,-6.6303,1.3933,0.0275,-44.1027,48.0789
2025-08-14,97.3483,-2.6517,-7.1582,4.1090,0.0388,-19.0636,46.3557
2025-08-15,100.1348,2.8624,-0.2686,3.7702,0.0332,-46.6389,47.7465
2025-08-18,103.4607,3.3214,1.9938,4.5178,0.0557,122.1185,47.6496
2025-08-19,104.6742,1.1729,4.3459,3.6926,0.0688,135.6499,46.9509
2025-08-20,104.3596,-0.3006,4.3596,4.0052,0.0469,76.5337,45.2477
2025-08-21,104.7191,0.3445,7.5716,2.7897,0.0384,5.5831,37.9176
2025-08-22,103.3258,-1.3305,3.1867,2.7403,0.0379,19.3517,36.8363
2025-08-25,102.2022,-1.0874,-1.2163,3.4301,0.0478,-14.2464,33.6312
2025-08-26,102.6067,0.3958,-1.9751,2.4091,0.0386,-45.0747,33.7039
2025-08-27,103.3708,0.7446,-0.9475,3.7391,0.0801,72.9874,32.3161
2025-08-28,105.5730,2.1304,0.8155,6.3006,0.0671,70.5843,32.3444
2025-08-29,121.3483,14.9425,17.4424,16.8519,0.2050,495.6191,61.9778
2025-09-01,118.0674,-2.7037,15.5233,7.0042,0.1382,227.6027,63.2066
2025-09-02,126.4270,7.0803,23.2151,15.6061,0.1704,432.7741,66.1959
2025-09-03,126.2472,-0.1422,22.1304,15.1655,0.1561,141.5357,65.6846
2025-09-04,130.3371,3.2396,23.4568,7.8621,0.1315,146.5779,65.1814
2025-09-05,133.6180,2.5172,10.1111,13.2526,0.1541,-9.4050,62.0793
2025-09-08,129.4831,-3.0945,9.6688,10.5519,0.1119,-6.4818,64.1903
2025-09-09,124.0449,-4.1999,-1.8841,5.2536,0.0841,-50.0588,66.6217
2025-09-10,120.3596,-2.9710,-4.6636,8.0284,0.0853,-47.7284,68.0467
2025-09-11,121.0787,0.5975,-7.1034,5.0483,0.0693,-50.6773,66.6894
2025-09-12,118.6067,-2.0416,-11.2344,2.8041,0.0508,-71.2781,67.3135
2025-09-15,126.8315,6.9344,-2.0479,9.1779,0.0779,-35.2806,70.1763
2025-09-16,126.6966,-0.1063,2.1377,3.2636,0.0559,-33.0719,70.3082
2025-09-17,127.8202,0.8868,6.1987,3.0591,0.0587,-29.5592,70.1324
2025-09-18,124.8539,-2.3207,3.1180,10.1872,0.0984,54.9949,71.1474
2025-09-19,125.0337,0.1440,5.4187,4.8526,0.0559,13.9924,70.7052
2025-09-22,121.9775,-2.4443,-3.8271,4.4952,0.0377,-52.3145,71.4091
2025-09-23,118.2022,-3.0951,-6.7045,4.9430,0.0423,-29.3307,72.8481

---

Sample ID: bj831834_2024-01-02
Stock: bj831834
As-of date: 2024-01-02
Historical features:
date,close_idx,ret_1d_pct,ret_5d_pct,range_pct,turnover,money_chg_5d_pct,vol_20d_pct
2023-11-21,100.0000,29.8667,37.9603,22.5873,0.3744,7597.1911,106.0767
2023-11-22,129.9795,29.9795,77.3109,31.5956,0.4979,5512.1044,144.7776
2023-11-23,117.4538,-9.6367,61.5819,35.3147,0.4661,7278.3589,151.7975
2023-11-24,143.7372,22.3776,96.6292,28.5714,0.4432,7629.3178,166.2347
2023-11-27,165.2977,15.0000,114.6667,23.8509,0.4429,1623.5318,169.3935
2023-11-28,145.7906,-11.8012,45.7906,12.5352,0.2835,18.7970,178.8713
2023-11-29,123.2033,-15.4930,-5.2133,23.6667,0.2129,-49.3948,191.7734
2023-11-30,128.5421,4.3333,9.4406,8.6262,0.1445,-71.0420,191.3141
2023-12-01,118.2752,-7.9872,-17.7143,13.1944,0.1041,-77.8594,195.7422
2023-12-04,120.3285,1.7361,-27.2050,12.7986,0.1388,-76.2974,195.6240
2023-12-05,133.6756,11.0922,-8.3099,15.3610,0.1809,-44.4387,196.9635
2023-12-06,134.4969,0.6144,9.1667,9.7710,0.1662,-19.6674,197.2448
2023-12-07,140.4517,4.4275,9.2652,8.0409,0.1233,-5.9252,196.7219
2023-12-08,145.5852,3.6550,23.0903,5.3597,0.1555,70.3148,196.1438
2023-12-11,138.3984,-4.9365,15.0171,9.0504,0.1149,-0.6358,198.1718
2023-12-12,143.5318,3.7092,7.3733,7.1531,0.0876,-47.9952,197.9395
2023-12-13,145.3799,1.2876,8.0916,5.9322,0.0896,-42.5240,197.9089
2023-12-14,149.8973,3.1073,6.7251,7.3973,0.1460,28.5653,197.0793
2023-12-15,152.5667,1.7808,4.7955,5.9219,0.1004,-32.4668,196.8157
2023-12-18,161.8070,6.0565,16.9139,6.8528,0.1250,22.1234,196.8766
2023-12-19,159.9589,-1.1421,11.4449,5.6483,0.0817,5.2623,173.1368
2023-12-20,183.1622,14.5058,25.9887,17.7130,0.2817,282.6510,147.9239
2023-12-21,147.0226,-19.7309,-1.9178,34.0782,0.2083,59.5680,162.2258
2023-12-22,152.1561,3.4916,-0.2692,9.4467,0.1310,26.1698,142.8886
2023-12-25,160.5749,5.5331,-0.7614,7.5448,0.1276,0.6335,133.9837
2023-12-26,163.0390,1.5345,1.9255,9.1940,0.1207,50.4978,126.2648
2023-12-27,159.3429,-2.2670,-13.0045,5.9278,0.0721,-77.0469,111.3691
2023-12-28,160.7803,0.9021,9.3575,4.2146,0.0981,-54.9218,110.8927
2023-12-29,163.2444,1.5326,7.2874,3.3962,0.0722,-38.3846,105.2451
2024-01-02,172.4846,5.6604,7.4169,6.0714,0.1284,9.2751,106.1098

---

Sample ID: bj831834_2025-09-23
Stock: bj831834
As-of date: 2025-09-23
Historical features:
date,close_idx,ret_1d_pct,ret_5d_pct,range_pct,turnover,money_chg_5d_pct,vol_20d_pct
2025-08-13,100.0000,-2.7986,5.4034,4.7051,0.0771,53.5159,88.2723
2025-08-14,94.8034,-5.1966,-9.3960,5.6296,0.0615,-70.4122,90.7451
2025-08-15,103.3708,9.0370,5.5197,9.3071,0.1174,-12.6553,94.0023
2025-08-18,108.7781,5.2310,2.8552,6.3912,0.1134,-15.2095,81.6292
2025-08-19,105.2669,-3.2279,2.3208,8.5390,0.1097,51.8126,80.2169
2025-08-20,109.6208,4.1361,9.6208,7.5593,0.0790,9.6505,75.4185
2025-08-21,103.7219,-5.3812,9.4074,5.7549,0.0701,23.7213,78.3594
2025-08-22,103.0899,-0.6093,-0.2717,3.2698,0.0445,-61.2007,77.3830
2025-08-25,102.3174,-0.7493,-5.9393,4.1181,0.0496,-58.4773,77.3256
2025-08-26,100.2107,-2.0590,-4.8032,2.1724,0.0356,-70.0357,77.5472
2025-08-27,98.9466,-1.2614,-9.7373,3.5486,0.0327,-61.3296,77.7647
2025-08-28,102.7388,3.8325,-0.9479,3.7594,0.0475,-34.7804,77.3801
2025-08-29,100.0000,-2.6658,-2.9973,4.2135,0.0445,-1.4780,78.1887
2025-09-01,101.1938,1.1938,-1.0981,3.6780,0.0297,-40.8593,78.1764
2025-09-02,105.8989,4.6495,5.6762,6.3660,0.0650,87.0578,78.1100
2025-09-03,99.9298,-5.6366,0.9936,7.8707,0.0463,45.8905,81.2746
2025-09-04,102.3174,2.3893,-0.4101,4.6671,0.0446,-5.0419,72.9107
2025-09-05,112.2893,9.7461,12.2893,10.1939,0.1134,175.3642,76.6143
2025-09-08,108.1461,-3.6898,6.8702,6.4935,0.0802,198.7046,73.2509
2025-09-09,120.4354,11.3636,13.7268,13.5860,0.1088,82.0690,82.2783
2025-09-10,110.8848,-7.9300,10.9628,7.1564,0.1116,166.7451,87.2181
2025-09-11,108.4270,-2.2166,5.9712,6.2176,0.0700,66.7898,85.1824
2025-09-12,110.0421,1.4896,-2.0013,4.4671,0.0559,-50.8683,79.5375
2025-09-15,106.5309,-3.1908,-1.4935,3.0982,0.0391,-52.5494,78.4054
2025-09-16,108.0758,1.4502,-10.2624,3.2489,0.0329,-71.0869,77.5981
2025-09-17,140.4494,29.9545,26.6624,22.2500,0.3093,229.1770,130.7162
2025-09-18,182.5843,30.0000,68.3938,20.5385,0.2257,385.9224,162.3874
2025-09-19,134.8315,-26.1538,22.5271,35.4167,0.3627,810.3160,192.9831
2025-09-22,125.0000,-7.2917,17.3368,5.3371,0.2401,618.6860,195.6103
2025-09-23,122.1831,-2.2535,13.0531,6.3401,0.1595,442.4026,195.6611

---

Sample ID: bj831855_2024-01-02
Stock: bj831855
As-of date: 2024-01-02
Historical features:
date,close_idx,ret_1d_pct,ret_5d_pct,range_pct,turnover,money_chg_5d_pct,vol_20d_pct
2023-11-21,100.0000,4.2963,5.8647,8.8068,0.1027,3172.4160,21.3776
2023-11-22,109.3750,9.3750,14.9254,10.5195,0.2025,2903.7033,38.0610
2023-11-23,106.2500,-2.8571,12.8205,13.3690,0.2248,5085.3841,40.2900
2023-11-24,125.7102,18.3155,33.8880,18.0791,0.2666,10864.2179,74.1344
2023-11-27,153.8352,22.3729,60.4444,14.7738,0.3184,4272.4043,104.0484
2023-11-28,145.3125,-5.5402,45.3125,10.2639,0.1909,164.9167,107.5118
2023-11-29,151.7045,4.3988,38.7013,11.1423,0.3266,131.1706,106.9808
2023-11-30,150.4261,-0.8427,41.5775,10.8593,0.2018,19.4475,107.2576
2023-12-01,145.4545,-3.3050,15.7062,8.4961,0.1312,-38.0154,109.2409
2023-12-04,145.8807,0.2930,-5.1708,11.3924,0.1151,-63.0488,109.5205
2023-12-05,181.3920,24.3427,24.8289,24.1190,0.4481,152.4084,133.6566
2023-12-06,163.0682,-10.1018,7.4906,12.1080,0.3153,6.2994,142.0583
2023-12-07,163.0682,0.0000,8.4042,6.2718,0.1735,-4.7911,142.0138
2023-12-08,161.6477,-0.8711,11.1328,5.9754,0.1801,52.8295,142.1613
2023-12-11,157.6705,-2.4605,8.0818,9.8198,0.1075,-0.0389,143.0919
2023-12-12,157.6705,0.0000,-13.0775,5.2252,0.0762,-82.8572,143.2066
2023-12-13,157.6705,0.0000,-3.3101,4.6847,0.1302,-60.4274,143.3842
2023-12-14,161.2216,2.2523,-1.1324,6.2555,0.2137,22.0482,142.6540
2023-12-15,160.5114,-0.4405,-0.7030,5.5752,0.1248,-31.2404,142.6985
2023-12-18,167.7557,4.5133,6.3964,8.5521,0.1999,101.9058,142.7404
2023-12-19,162.7841,-2.9636,3.2432,4.0140,0.1310,77.2273,144.3098
2023-12-20,173.7216,6.7190,10.1802,11.7743,0.2647,121.1008,143.0128
2023-12-21,193.0398,11.1202,19.7357,23.0316,0.4947,186.4961,144.4199
2023-12-22,204.2614,5.8131,27.2566,22.3922,0.3875,255.9728,133.7038
2023-12-25,204.5455,0.1391,21.9306,11.7361,0.3048,84.1773,111.9869
2023-12-26,196.4489,-3.9583,20.6806,11.5691,0.2369,117.6424,110.7734
2023-12-27,183.0966,-6.7968,5.3966,7.1373,0.1575,-35.4365,114.2725
2023-12-28,184.3750,0.6982,-4.4886,4.1602,0.1244,-76.8337,114.0427
2023-12-29,188.6364,2.3112,-7.6495,5.6476,0.1329,-65.4361,112.8035
2024-01-02,193.7500,2.7108,-5.2778,3.9589,0.1536,-52.5605,112.7782

---

Sample ID: bj831855_2025-09-23
Stock: bj831855
As-of date: 2025-09-23
Historical features:
date,close_idx,ret_1d_pct,ret_5d_pct,range_pct,turnover,money_chg_5d_pct,vol_20d_pct
2025-08-13,100.0000,-1.1026,-1.9020,2.1328,0.0155,14.1913,22.0070
2025-08-14,96.7038,-3.2962,-4.6823,4.4612,0.0233,107.4246,24.8276
2025-08-15,99.0790,2.4561,-0.9210,2.8376,0.0121,-14.6752,26.2198
2025-08-18,102.7145,3.6693,2.5653,3.6338,0.0336,280.9914,28.1465
2025-08-19,103.6355,0.8966,2.4928,3.8821,0.0460,83.0894,26.4358
2025-08-20,108.3374,4.5370,8.3374,5.0559,0.0523,260.7508,29.0439
2025-08-21,109.3068,0.8949,13.0326,7.7605,0.0510,142.4035,28.6690
2025-08-22,106.5439,-2.5277,7.5342,4.8226,0.0339,202.2218,30.3693
2025-08-25,105.3805,-1.0919,2.5956,3.8638,0.0264,-18.5285,30.4027
2025-08-26,105.2836,-0.0920,1.5903,2.3481,0.0182,-60.4552,30.3968
2025-08-27,103.6355,-1.5654,-4.3400,4.8176,0.0322,-39.1733,30.7012
2025-08-28,104.1202,0.4677,-4.7450,5.4469,0.0248,-54.0285,30.0793
2025-08-29,104.0233,-0.0931,-2.3658,4.0075,0.0276,-18.9843,29.8696
2025-09-01,105.5744,1.4911,0.1840,3.3058,0.0185,-30.3631,30.2347
2025-09-02,112.3122,6.3820,6.6759,6.0855,0.0562,219.4625,37.2731
2025-09-03,105.6714,-5.9128,1.9645,7.8440,0.0454,44.1638,43.7410
2025-09-04,110.5187,4.5872,6.1453,5.9211,0.0469,99.4713,46.2965
2025-09-05,117.3049,6.1404,12.7679,6.1983,0.0643,156.0327,49.8390
2025-09-08,113.8148,-2.9752,7.8053,5.6218,0.0411,144.3629,51.6214
2025-09-09,109.4038,-3.8756,-2.5896,4.6522,0.0326,-41.3518,54.0820
2025-09-10,110.4702,0.9747,4.5413,2.8082,0.0187,-58.2294,53.7933
2025-09-11,109.3553,-1.0092,-1.0526,2.6152,0.0183,-60.8714,52.2119
2025-09-12,107.5618,-1.6401,-8.3058,3.1996,0.0198,-71.3309,52.3753
2025-09-15,108.0465,0.4507,-5.0681,1.7048,0.0141,-67.6484,50.9897
2025-09-16,109.4523,1.3010,0.0443,3.6315,0.0196,-40.8798,51.0724
2025-09-17,113.6694,3.8530,2.8960,8.0597,0.0526,193.3942,50.3767
2025-09-18,109.5007,-3.6674,0.1330,6.8614,0.0371,106.5031,52.2171
2025-09-19,108.0950,-1.2838,0.4957,3.7668,0.0181,-8.2640,51.5823
2025-09-22,106.5439,-1.4350,-1.3908,2.6843,0.0128,-10.5238,51.7036
2025-09-23,100.0000,-6.1419,-8.6360,10.1309,0.0314,48.3875,56.2677

---

Sample ID: bj831856_2024-01-02
Stock: bj831856
As-of date: 2024-01-02
Historical features:
date,close_idx,ret_1d_pct,ret_5d_pct,range_pct,turnover,money_chg_5d_pct,vol_20d_pct
2023-11-21,100.0000,5.8586,8.4886,11.4504,0.0364,5038.6821,26.6692
2023-11-22,112.2137,12.2137,21.4876,12.9252,0.0401,1098.0433,48.9086
2023-11-23,110.6870,-1.3605,20.5821,16.8966,0.0346,1773.2002,49.4321
2023-11-24,121.5649,9.8276,31.8841,10.9890,0.0407,1564.3133,57.7504
2023-11-27,153.0534,25.9027,62.0202,18.8279,0.0763,1849.4988,103.6667
2023-11-28,138.5496,-9.4763,38.5496,10.6061,0.0480,87.7227,111.4608
2023-11-29,123.2824,-11.0193,9.8639,17.6471,0.0438,33.9117,121.0881
2023-11-30,119.4656,-3.0960,7.9310,6.2300,0.0202,-37.6399,121.9607
2023-12-01,113.3588,-5.1118,-6.7504,8.9226,0.0192,-53.0742,124.4144
2023-12-04,114.8855,1.3468,-24.9377,8.3056,0.0178,-80.8275,124.3550
2023-12-05,123.6641,7.6412,-10.7438,11.5741,0.0345,-38.5532,126.0658
2023-12-06,126.5267,2.3148,2.6316,6.9382,0.0336,-26.2280,126.0342
2023-12-07,131.2977,3.7707,9.9042,6.8314,0.0388,105.7655,126.1437
2023-12-08,134.7328,2.6163,18.8552,4.1076,0.0337,101.3946,125.7403
2023-12-11,128.6260,-4.5326,11.9601,10.9792,0.0248,59.8268,127.9109
2023-12-12,130.9160,1.7804,5.8642,5.1020,0.0176,-45.5311,127.8396
2023-12-13,134.5420,2.7697,6.3348,5.3901,0.0294,-6.2132,127.6709
2023-12-14,141.4122,5.1064,7.7035,6.0729,0.0658,82.0428,127.6197
2023-12-15,141.0305,-0.2699,4.6742,6.4953,0.0439,37.6319,127.7893
2023-12-18,148.0916,5.0068,15.1335,6.8299,0.0614,169.3246,128.1146
2023-12-19,143.3206,-3.2216,9.4752,6.7909,0.0578,261.5467,129.0690
2023-12-20,149.6183,4.3941,11.2057,4.9745,0.0703,160.4739,123.8288
2023-12-21,133.5878,-10.7143,-5.5331,22.0000,0.0840,34.2844,131.1495
2023-12-22,134.5420,0.7143,-4.6008,6.9504,0.0375,-19.2646,127.1751
2023-12-25,142.7481,6.0993,-3.6082,6.1497,0.0393,-37.8753,89.0290
2023-12-26,146.7557,2.8075,2.3968,4.1612,0.0610,6.4055,82.4792
2023-12-27,156.4885,6.6320,4.5918,13.6585,0.1449,124.3757,73.2965
2023-12-28,153.6260,-1.8293,15.0000,8.3230,0.0998,22.7482,72.4209
2023-12-29,154.9618,0.8696,15.1773,5.0493,0.0688,111.4237,68.3211
2024-01-02,164.1221,5.9113,14.9733,5.5814,0.0796,132.5573,69.9411

---

Sample ID: bj831856_2025-09-23
Stock: bj831856
As-of date: 2025-09-23
Historical features:
date,close_idx,ret_1d_pct,ret_5d_pct,range_pct,turnover,money_chg_5d_pct,vol_20d_pct
2025-08-13,100.0000,-0.5266,-3.0784,1.7324,0.0202,-51.9199,30.8512
2025-08-14,97.2089,-2.7911,-4.7619,3.6634,0.0323,4.8358,32.1478
2025-08-15,99.4706,2.3267,-0.3855,3.0963,0.0279,-1.7239,33.3736
2025-08-18,102.4543,2.9995,1.2363,4.6970,0.0484,85.1662,33.5641
2025-08-19,105.1973,2.6773,4.6434,4.2086,0.0825,329.0480,32.9032
2025-08-20,105.5342,0.3202,5.5342,3.4200,0.0439,127.6680,28.2271
2025-08-21,103.8017,-1.6416,6.7822,2.5962,0.0354,17.0809,28.8546
2025-08-22,104.1867,0.3709,4.7412,2.4480,0.0315,19.1183,28.7932
2025-08-25,107.3628,3.0485,4.7910,4.7064,0.0789,68.9223,30.6625
2025-08-26,104.4755,-2.6894,-0.6862,5.3432,0.0675,-17.2072,32.1983
2025-08-27,100.2406,-4.0534,-5.0160,4.5607,0.0518,15.3496,34.5103
2025-08-28,101.9731,1.7283,-1.7617,4.4361,0.0432,17.0974,34.4392
2025-08-29,101.5881,-0.3775,-2.4942,3.3633,0.0273,-14.2418,34.4502
2025-09-01,100.2887,-1.2790,-6.5890,2.7351,0.0377,-54.7919,34.0115
2025-09-02,107.1704,6.8618,2.5795,7.0049,0.0943,37.1263,41.7043
2025-09-03,101.9249,-4.8945,1.6803,8.5458,0.0619,21.7247,44.5218
2025-09-04,104.0423,2.0774,2.0293,4.2553,0.0533,28.2717,44.9397
2025-09-05,109.8653,5.5967,8.1478,5.0372,0.1091,327.1455,48.0116
2025-09-08,111.9827,1.9273,11.6603,4.9420,0.1099,228.6839,48.1872
2025-09-09,105.3417,-5.9304,-1.7063,7.9488,0.0732,-18.9456,53.3022
2025-09-10,104.3311,-0.9593,2.3607,3.6439,0.0372,-39.1069,53.4119
2025-09-11,105.4379,1.0609,1.3414,2.6016,0.0367,-30.4918,52.2247
2025-09-12,102.7911,-2.5103,-6.4389,4.2603,0.0464,-59.6307,52.7495
2025-09-15,102.2618,-0.5150,-8.6807,2.1176,0.0251,-79.0241,51.7562
2025-09-16,104.0905,1.7882,-1.1878,3.2362,0.0355,-53.8729,51.2493
2025-09-17,107.4110,3.1900,2.9520,4.4803,0.0575,57.5445,52.4872
2025-09-18,104.4755,-2.7330,-0.9128,4.6062,0.0579,60.6576,53.1177
2025-09-19,101.5399,-2.8098,-1.2172,3.6019,0.0394,-15.5272,54.0821
2025-09-22,100.0962,-1.4218,-2.1176,2.6442,0.0256,0.1105,52.9759
2025-09-23,94.4177,-5.6731,-9.2926,7.2375,0.0492,28.7620,55.7490

---

Sample ID: bj831906_2024-01-02
Stock: bj831906
As-of date: 2024-01-02
Historical features:
date,close_idx,ret_1d_pct,ret_5d_pct,range_pct,turnover,money_chg_5d_pct,vol_20d_pct
2023-11-21,100.0000,13.4942,20.1514,16.4567,0.1842,2023.0847,70.6574
2023-11-22,109.8425,9.8425,29.7674,14.6237,0.2331,1429.3848,76.1651
2023-11-23,103.5433,-5.7348,25.9579,13.5361,0.1997,3183.6017,80.2404
2023-11-24,125.3543,21.0646,52.1989,27.0101,0.3137,3514.3707,105.5805
2023-11-27,162.9134,29.9623,84.8972,11.5031,0.5355,1637.0793,143.4204
2023-11-28,168.2677,3.2866,68.2677,27.9832,0.6134,509.5059,138.2533
2023-11-29,181.1024,7.6275,64.8746,21.7391,0.5113,280.2505,137.5970
2023-11-30,147.0079,-18.8261,41.9772,32.4049,0.4586,250.1873,160.4074
2023-12-01,125.7480,-14.4617,0.3141,17.2198,0.3593,31.4740,171.5179
2023-12-04,125.9055,0.1252,-22.7163,9.3183,0.2058,-70.0190,171.4495
2023-12-05,141.1024,12.0700,-16.1441,13.3371,0.3524,-56.4561,173.8628
2023-12-06,133.1496,-5.6362,-26.4783,9.4027,0.2416,-64.0467,176.7952
2023-12-07,138.6614,4.1396,-5.6776,6.7007,0.2085,-62.5291,176.8348
2023-12-08,146.0630,5.3379,16.1553,7.9245,0.2485,-26.3987,176.1404
2023-12-11,147.1654,0.7547,16.8856,9.0423,0.2545,46.0021,175.9680
2023-12-12,148.0315,0.5886,4.9107,5.5851,0.2126,-34.8291,175.6967
2023-12-13,155.8268,5.2660,17.0313,10.3588,0.2969,39.0933,175.6736
2023-12-14,155.9843,0.1011,12.4929,9.9445,0.3105,72.5148,174.5148
2023-12-15,150.1575,-3.7355,2.8032,9.2292,0.1707,-26.9903,176.1434
2023-12-18,157.7953,5.0865,7.2231,7.8842,0.2231,-8.2652,175.7914
2023-12-19,153.9370,-2.4451,3.9894,4.6036,0.1785,-11.7921,172.8746
2023-12-20,161.9685,5.2174,3.9414,8.0700,0.2521,-12.0787,171.1181
2023-12-21,134.6457,-16.8692,-13.6800,34.9708,0.2891,-10.7061,182.4077
2023-12-22,139.7638,3.8012,-6.9219,7.4930,0.1878,-0.9327,168.1264
2023-12-25,154.4882,10.5352,-2.0958,11.2130,0.2331,-0.6770,134.6573
2023-12-26,163.2283,5.6575,6.0358,13.1693,0.3578,115.4684,135.6612
2023-12-27,158.0315,-3.1838,-2.4307,5.5306,0.2048,-20.3080,133.2344
2023-12-28,163.2283,3.2885,21.2281,10.9021,0.2487,-9.3335,114.2792
2023-12-29,164.0157,0.4824,17.3521,7.1051,0.2837,83.0171,99.1509
2024-01-02,171.9685,4.8488,11.3150,6.2729,0.2972,47.0961,99.6801

---

Sample ID: bj831906_2025-09-23
Stock: bj831906
As-of date: 2025-09-23
Historical features:
date,close_idx,ret_1d_pct,ret_5d_pct,range_pct,turnover,money_chg_5d_pct,vol_20d_pct
2025-08-13,100.0000,-0.7140,-4.4848,1.6497,0.0331,-46.1155,23.9074
2025-08-14,96.4467,-3.5533,-6.7866,4.5175,0.0491,12.3653,26.6918
2025-08-15,98.8156,2.4561,-2.6261,3.2534,0.0298,-15.1601,28.2929
2025-08-18,102.4535,3.6815,0.5814,4.6243,0.0595,85.4872,30.1746
2025-08-19,103.1303,0.6606,2.3940,5.8655,0.0814,234.0866,29.8678
2025-08-20,103.8917,0.7383,3.8917,2.9316,0.0462,42.8417,28.6017
2025-08-21,102.4958,-1.3436,6.2719,2.8477,0.0390,-16.3588,28.1722
2025-08-22,102.3689,-0.1238,3.5959,2.3967,0.0346,20.5386,28.1613
2025-08-25,101.9459,-0.4132,-0.4955,2.6141,0.0445,-25.1343,27.4076
2025-08-26,101.4382,-0.4979,-1.6407,2.5438,0.0410,-50.9393,26.2615
2025-08-27,97.9272,-3.4612,-5.7410,4.3629,0.0464,-2.2641,28.5471
2025-08-28,127.2843,29.9784,24.1849,18.8102,0.3566,918.3434,110.6736
2025-08-29,128.0880,0.6314,25.1240,25.6935,0.4560,1710.6274,110.6326
2025-09-01,139.6785,9.0489,37.0124,17.4743,0.3751,962.1886,113.7336
2025-09-02,169.2047,21.1387,66.8057,29.4750,0.4882,1743.8953,132.6613
2025-09-03,147.5888,-12.7750,50.7127,18.3720,0.3514,1085.4369,143.7884
2025-09-04,128.1303,-13.1843,0.6647,12.8095,0.2580,-14.0118,153.3938
2025-09-05,132.5719,3.4665,3.5007,5.3925,0.2042,-57.2454,153.0009
2025-09-08,143.7394,8.4237,2.9073,18.8346,0.2656,-19.6630,154.7001
2025-09-09,137.2673,-4.5026,-18.8750,5.8243,0.1527,-72.8424,156.1082
2025-09-10,131.1337,-4.4684,-11.1493,6.0000,0.1316,-68.3303,157.5307
2025-09-11,134.5601,2.6129,5.0182,3.6467,0.1222,-54.2224,156.2697
2025-09-12,143.2741,6.4760,8.0728,11.0422,0.2065,7.6640,157.0396
2025-09-15,138.7479,-3.1591,-3.4726,5.7927,0.1462,-47.5887,158.1175
2025-09-16,144.3316,4.0244,5.1464,9.0563,0.1847,27.0007,158.2010
2025-09-17,149.3232,3.4584,13.8710,6.7422,0.1815,52.9039,158.1782
2025-09-18,144.6277,-3.1445,7.4819,8.3358,0.1883,72.9475,158.8510
2025-09-19,134.1371,-7.2536,-6.3773,6.8748,0.1401,-35.2957,162.2011
2025-09-22,131.5567,-1.9237,-5.1829,2.8617,0.0795,-47.9600,162.5651
2025-09-23,129.0186,-1.9293,-10.6096,6.6557,0.0773,-61.9971,162.9060
